-17.0049
-12.0535
-11.4336
-11.0511
-10.7825
-10.557
-10.3942
-10.2531
-10.1049
-10.0254
-9.91056
-9.81962
-9.733
-9.66605
-9.59635
-9.52785
-9.46622
-9.42956
-9.37271
-9.32456
-9.2597
-9.2271
-9.18112
-9.15324
-9.11669
-9.09706
-9.0392
-8.99962
-8.98319
-8.95079
-8.91704
-8.88461
-8.85638
-8.85452
-8.83084
-8.77987
-8.75084
-8.72632
-8.72859
-8.70118
-8.69534
-8.66544
-8.66008
-8.6491
-8.60959
-8.59804
-8.58597
-8.55795
-8.53346
-8.50431
-8.52991
-8.49167
-8.4929
-8.47533
-8.45169
-8.43294
-8.44763
-8.41516
-8.42464
-8.39638
-8.39344
-8.37954
-8.36939
-8.36171
-8.33567
-8.34498
-8.30795
-8.31434
-8.31312
-8.2933
-8.29079
-8.23483
-8.28577
-8.28828
-8.23801
-8.26023
-8.26719
-8.26514
-8.23721
-8.23031
-8.24931
-8.2388
-8.20795
-8.18479
-8.15393
-8.18897
-8.16792
-8.17527
-8.17358
-8.1699
-8.1682
-8.14206
-8.15364
-8.12534
-8.14526
-8.14206
-8.12415
-8.14352
-8.10016
-8.09651
-8.12445
-8.1545
-8.10107
-8.08641
-8.10259
-8.0734
-8.08703
-8.079
-8.10107
-8.08887
-8.05643
-8.07652
-8.08549
-8.10832
-8.10107
-8.07028
-8.04463
-8.05452
-8.07216
-8.09316
-8.09773
-8.08086
-8.0901
-8.0398
-8.05484
-8.05548
-8.07434
-8.04238
-8.07931
-8.02027
-8.06809
-8.10892
-8.05738
-8.06778
-8.02519
-8.07122
-8.04463
-8.09468
-8.08918
-8.03431
-8.07838
-8.07931
-8.05548
-8.05833
-8.05579
-8.07931
-8.06589
-8.07028
-8.10501
-8.07371
-8.08271
-8.07838
-8.09803
-8.11761
-8.11283
-8.09071
-8.09955
-8.10862
-8.10712
-8.13182
-8.12059
-8.12888
-8.12888
-8.14584
-8.13035
-8.11432
-8.15622
-8.14468
-8.14439
-8.15047
-8.14758
-8.1806
-8.17442
-8.17723
-8.18312
-8.14642
-8.21501
-8.20193
-8.2104
-8.22497
-8.25166
-8.23297
-8.22175
-8.25453
-8.27232
-8.30449
-8.31777
-8.30449
-8.35585
-8.35538
-8.38526
-8.34403
-8.39435
-8.4076
-8.44548
-8.49944
-8.50956
-8.54189
-8.64699
-8.80312
-8.80312
-8.64699
-8.54189
-8.50956
-8.49944
-8.44548
-8.4076
-8.39435
-8.34403
-8.38526
-8.35538
-8.35585
-8.30449
-8.31777
-8.30449
-8.27232
-8.25453
-8.22175
-8.23297
-8.25166
-8.22497
-8.2104
-8.20193
-8.21501
-8.14642
-8.18312
-8.17723
-8.17442
-8.1806
-8.14758
-8.15047
-8.14439
-8.14468
-8.15622
-8.11432
-8.13035
-8.14584
-8.12888
-8.12888
-8.12059
-8.13182
-8.10712
-8.10862
-8.09955
-8.09071
-8.11283
-8.11761
-8.09803
-8.07838
-8.08271
-8.07371
-8.10501
-8.07028
-8.06589
-8.07931
-8.05579
-8.05833
-8.05548
-8.07931
-8.07838
-8.03431
-8.08918
-8.09468
-8.04463
-8.07122
-8.02519
-8.06778
-8.05738
-8.10892
-8.06809
-8.02027
-8.07931
-8.04238
-8.07434
-8.05548
-8.05484
-8.0398
-8.0901
-8.08086
-8.09773
-8.09316
-8.07216
-8.05452
-8.04463
-8.07028
-8.10107
-8.10832
-8.08549
-8.07652
-8.05643
-8.08887
-8.10107
-8.079
-8.08703
-8.0734
-8.10259
-8.08641
-8.10107
-8.1545
-8.12445
-8.09651
-8.10016
-8.14352
-8.12415
-8.14206
-8.14526
-8.12534
-8.15364
-8.14206
-8.1682
-8.1699
-8.17358
-8.17527
-8.16792
-8.18897
-8.15393
-8.18479
-8.20795
-8.2388
-8.24931
-8.23031
-8.23721
-8.26514
-8.26719
-8.26023
-8.23801
-8.28828
-8.28577
-8.23483
-8.29079
-8.2933
-8.31312
-8.31434
-8.30795
-8.34498
-8.33567
-8.36171
-8.36939
-8.37954
-8.39344
-8.39638
-8.42464
-8.41516
-8.44763
-8.43294
-8.45169
-8.47533
-8.4929
-8.49167
-8.52991
-8.50431
-8.53346
-8.55795
-8.58597
-8.59804
-8.60959
-8.6491
-8.66008
-8.66544
-8.69534
-8.70118
-8.72859
-8.72632
-8.75084
-8.77987
-8.83084
-8.85452
-8.85638
-8.88461
-8.91704
-8.95079
-8.98319
-8.99962
-9.0392
-9.09706
-9.11669
-9.15324
-9.18112
-9.2271
-9.2597
-9.32456
-9.37271
-9.42956
-9.46622
-9.52785
-9.59635
-9.66605
-9.733
-9.81962
-9.91056
-10.0254
-10.1049
-10.2531
-10.3942
-10.557
-10.7825
-11.0511
-11.4336
-12.0535
-17.0049
