-15.5668
-11.7309
-11.2
-10.8466
-10.5976
-10.4
-10.2276
-10.0914
-9.96185
-9.86516
-9.76835
-9.69005
-9.59764
-9.52486
-9.45454
-9.37288
-9.3242
-9.26151
-9.22019
-9.15736
-9.11603
-9.07544
-9.02305
-8.98919
-8.95299
-8.8817
-8.84304
-8.84203
-8.80042
-8.77215
-8.73488
-8.69735
-8.65748
-8.62999
-8.62891
-8.61159
-8.5732
-8.54578
-8.52675
-8.51138
-8.48239
-8.44333
-8.43577
-8.43142
-8.41848
-8.37517
-8.38458
-8.34901
-8.35702
-8.32506
-8.30894
-8.29205
-8.28274
-8.2335
-8.2797
-8.20795
-8.22013
-8.17555
-8.20358
-8.14873
-8.16023
-8.17723
-8.12917
-8.13388
-8.14497
-8.10983
-8.09895
-8.07558
-8.08672
-8.09925
-8.03851
-8.04527
-8.0229
-8.0507
-7.99396
-8.05166
-7.99429
-7.99227
-7.97694
-7.99396
-8.00837
-7.96242
-7.99193
-7.89432
-7.96659
-7.94733
-7.90027
-7.92299
-7.92154
-7.95437
-7.91826
-7.90728
-7.89655
-7.86211
-7.87929
-7.86134
-7.8842
-7.90323
-7.85787
-7.8999
-7.87816
-7.8501
-7.84542
-7.84228
-7.8536
-7.83676
-7.81682
-7.83082
-7.86711
-7.84346
-7.82244
-7.82883
-7.814
-7.80629
-7.8148
-7.8067
-7.81238
-7.77233
-7.78447
-7.83003
-7.77191
-7.80425
-7.79852
-7.76387
-7.81521
-7.76896
-7.78821
-7.78863
-7.74975
-7.79152
-7.77486
-7.8071
-7.80303
-7.7626
-7.82684
-7.79441
-7.74587
-7.75961
-7.77654
-7.80751
-7.7626
-7.78738
-7.76726
-7.79688
-7.77275
-7.76811
-7.77863
-7.76302
-7.8144
-7.76514
-7.76726
-7.76853
-7.78364
-7.7907
-7.83043
-7.79565
-7.79934
-7.80057
-7.79194
-7.81319
-7.82325
-7.79852
-7.79811
-7.81883
-7.82004
-7.81157
-7.82963
-7.86634
-7.79276
-7.86327
-7.83043
-7.86557
-7.83162
-7.83874
-7.88533
-7.85088
-7.83992
-7.88043
-7.89878
-7.88683
-7.9036
-7.91644
-7.95015
-7.92805
-7.90507
-7.96276
-7.96067
-7.9645
-7.99058
-8.0047
-7.97281
-8.02027
-8.02224
-8.0684
-8.12652
-8.11761
-8.12888
-8.19451
-8.24223
-8.40111
-8.40111
-8.24223
-8.19451
-8.12888
-8.11761
-8.12652
-8.0684
-8.02224
-8.02027
-7.97281
-8.0047
-7.99058
-7.9645
-7.96067
-7.96276
-7.90507
-7.92805
-7.95015
-7.91644
-7.9036
-7.88683
-7.89878
-7.88043
-7.83992
-7.85088
-7.88533
-7.83874
-7.83162
-7.86557
-7.83043
-7.86327
-7.79276
-7.86634
-7.82963
-7.81157
-7.82004
-7.81883
-7.79811
-7.79852
-7.82325
-7.81319
-7.79194
-7.80057
-7.79934
-7.79565
-7.83043
-7.7907
-7.78364
-7.76853
-7.76726
-7.76514
-7.8144
-7.76302
-7.77863
-7.76811
-7.77275
-7.79688
-7.76726
-7.78738
-7.7626
-7.80751
-7.77654
-7.75961
-7.74587
-7.79441
-7.82684
-7.7626
-7.80303
-7.8071
-7.77486
-7.79152
-7.74975
-7.78863
-7.78821
-7.76896
-7.81521
-7.76387
-7.79852
-7.80425
-7.77191
-7.83003
-7.78447
-7.77233
-7.81238
-7.8067
-7.8148
-7.80629
-7.814
-7.82883
-7.82244
-7.84346
-7.86711
-7.83082
-7.81682
-7.83676
-7.8536
-7.84228
-7.84542
-7.8501
-7.87816
-7.8999
-7.85787
-7.90323
-7.8842
-7.86134
-7.87929
-7.86211
-7.89655
-7.90728
-7.91826
-7.95437
-7.92154
-7.92299
-7.90027
-7.94733
-7.96659
-7.89432
-7.99193
-7.96242
-8.00837
-7.99396
-7.97694
-7.99227
-7.99429
-8.05166
-7.99396
-8.0507
-8.0229
-8.04527
-8.03851
-8.09925
-8.08672
-8.07558
-8.09895
-8.10983
-8.14497
-8.13388
-8.12917
-8.17723
-8.16023
-8.14873
-8.20358
-8.17555
-8.22013
-8.20795
-8.2797
-8.2335
-8.28274
-8.29205
-8.30894
-8.32506
-8.35702
-8.34901
-8.38458
-8.37517
-8.41848
-8.43142
-8.43577
-8.44333
-8.48239
-8.51138
-8.52675
-8.54578
-8.5732
-8.61159
-8.62891
-8.62999
-8.65748
-8.69735
-8.73488
-8.77215
-8.80042
-8.84203
-8.84304
-8.8817
-8.95299
-8.98919
-9.02305
-9.07544
-9.11603
-9.15736
-9.22019
-9.26151
-9.3242
-9.37288
-9.45454
-9.52486
-9.59764
-9.69005
-9.76835
-9.86516
-9.96185
-10.0914
-10.2276
-10.4
-10.5976
-10.8466
-11.2
-11.7309
-15.5668
