-16.2653
-11.9462
-11.3735
-11.0165
-10.739
-10.5334
-10.3466
-10.2001
-10.0739
-9.96043
-9.84448
-9.74637
-9.67753
-9.58768
-9.53423
-9.45125
-9.39757
-9.35773
-9.27903
-9.24744
-9.19289
-9.14516
-9.07978
-9.05567
-9.03085
-8.98882
-8.94559
-8.91972
-8.88793
-8.85524
-8.85023
-8.80132
-8.77307
-8.76811
-8.71144
-8.7045
-8.67914
-8.64875
-8.65765
-8.61287
-8.57904
-8.53837
-8.57942
-8.5311
-8.50795
-8.51118
-8.49413
-8.47658
-8.42814
-8.4401
-8.41317
-8.40581
-8.4029
-8.38731
-8.34712
-8.33663
-8.35632
-8.32142
-8.34522
-8.33878
-8.27817
-8.24958
-8.25816
-8.2802
-8.26668
-8.22175
-8.21257
-8.22094
-8.20958
-8.20166
-8.1682
-8.16479
-8.1568
-8.15622
-8.15277
-8.13623
-8.13094
-8.14002
-8.12385
-8.14148
-8.09925
-8.09834
-8.11672
-8.07714
-8.09925
-8.06558
-8.06778
-8.06621
-8.07838
-8.05325
-8.05674
-8.06401
-8.01467
-8.02486
-8.00737
-8.01533
-8.00537
-8.0037
-8.02388
-8.00035
-7.99193
-7.99159
-8.01928
-7.99766
-7.98207
-7.99867
-7.96276
-7.9865
-7.98173
-7.99193
-7.98002
-7.95543
-7.94378
-7.96381
-7.99497
-7.94023
-7.94697
-7.96832
-7.91936
-7.9338
-7.90101
-7.95788
-7.8999
-7.94768
-7.95015
-7.96589
-7.95437
-7.93987
-7.95226
-7.93451
-7.88796
-7.93128
-7.9266
-7.92732
-7.91352
-7.95858
-7.91462
-7.95191
-7.90728
-7.94803
-7.96067
-7.94272
-7.94803
-7.93773
-7.89915
-7.94909
-7.95753
-7.93523
-7.95788
-7.9363
-7.93021
-7.96207
-7.94591
-7.95858
-7.98514
-7.97934
-7.95928
-7.9498
-8.0097
-7.96693
-7.97281
-7.9882
-7.99328
-8.01994
-7.99598
-7.97419
-7.98242
-7.99463
-7.99934
-8.07153
-8.02355
-8.0183
-8.00269
-8.03073
-8.05738
-8.03528
-8.05643
-8.05198
-8.07371
-8.04334
-8.09499
-8.07309
-8.07931
-8.10892
-8.10531
-8.14032
-8.09834
-8.15937
-8.17667
-8.20522
-8.21582
-8.20713
-8.23933
-8.25401
-8.28526
-8.34877
-8.32845
-8.40201
-8.48941
-8.59748
-8.59748
-8.48941
-8.40201
-8.32845
-8.34877
-8.28526
-8.25401
-8.23933
-8.20713
-8.21582
-8.20522
-8.17667
-8.15937
-8.09834
-8.14032
-8.10531
-8.10892
-8.07931
-8.07309
-8.09499
-8.04334
-8.07371
-8.05198
-8.05643
-8.03528
-8.05738
-8.03073
-8.00269
-8.0183
-8.02355
-8.07153
-7.99934
-7.99463
-7.98242
-7.97419
-7.99598
-8.01994
-7.99328
-7.9882
-7.97281
-7.96693
-8.0097
-7.9498
-7.95928
-7.97934
-7.98514
-7.95858
-7.94591
-7.96207
-7.93021
-7.9363
-7.95788
-7.93523
-7.95753
-7.94909
-7.89915
-7.93773
-7.94803
-7.94272
-7.96067
-7.94803
-7.90728
-7.95191
-7.91462
-7.95858
-7.91352
-7.92732
-7.9266
-7.93128
-7.88796
-7.93451
-7.95226
-7.93987
-7.95437
-7.96589
-7.95015
-7.94768
-7.8999
-7.95788
-7.90101
-7.9338
-7.91936
-7.96832
-7.94697
-7.94023
-7.99497
-7.96381
-7.94378
-7.95543
-7.98002
-7.99193
-7.98173
-7.9865
-7.96276
-7.99867
-7.98207
-7.99766
-8.01928
-7.99159
-7.99193
-8.00035
-8.02388
-8.0037
-8.00537
-8.01533
-8.00737
-8.02486
-8.01467
-8.06401
-8.05674
-8.05325
-8.07838
-8.06621
-8.06778
-8.06558
-8.09925
-8.07714
-8.11672
-8.09834
-8.09925
-8.14148
-8.12385
-8.14002
-8.13094
-8.13623
-8.15277
-8.15622
-8.1568
-8.16479
-8.1682
-8.20166
-8.20958
-8.22094
-8.21257
-8.22175
-8.26668
-8.2802
-8.25816
-8.24958
-8.27817
-8.33878
-8.34522
-8.32142
-8.35632
-8.33663
-8.34712
-8.38731
-8.4029
-8.40581
-8.41317
-8.4401
-8.42814
-8.47658
-8.49413
-8.51118
-8.50795
-8.5311
-8.57942
-8.53837
-8.57904
-8.61287
-8.65765
-8.64875
-8.67914
-8.7045
-8.71144
-8.76811
-8.77307
-8.80132
-8.85023
-8.85524
-8.88793
-8.91972
-8.94559
-8.98882
-9.03085
-9.05567
-9.07978
-9.14516
-9.19289
-9.24744
-9.27903
-9.35773
-9.39757
-9.45125
-9.53423
-9.58768
-9.67753
-9.74637
-9.84448
-9.96043
-10.0739
-10.2001
-10.3466
-10.5334
-10.739
-11.0165
-11.3735
-11.9462
-16.2653
