-17.3008
-12.0564
-11.445
-11.0736
-10.792
-10.5933
-10.4137
-10.2695
-10.1433
-10.0321
-9.94319
-9.83596
-9.76158
-9.6972
-9.62721
-9.54366
-9.49386
-9.43939
-9.39391
-9.34154
-9.29835
-9.23523
-9.19482
-9.15641
-9.14495
-9.09952
-9.05975
-9.02714
-9.00528
-8.98957
-8.95931
-8.93129
-8.88267
-8.87613
-8.817
-8.83608
-8.80162
-8.78569
-8.74942
-8.70151
-8.71473
-8.70334
-8.67368
-8.6433
-8.63586
-8.59767
-8.60868
-8.59896
-8.56427
-8.56293
-8.53326
-8.52457
-8.52099
-8.49413
-8.47324
-8.47345
-8.45169
-8.43142
-8.44182
-8.41671
-8.40133
-8.39683
-8.39276
-8.40358
-8.3914
-8.38
-8.34474
-8.35373
-8.30697
-8.3395
-8.32045
-8.30251
-8.30053
-8.28425
-8.28703
-8.29054
-8.29405
-8.29729
-8.25946
-8.23244
-8.24276
-8.21121
-8.21798
-8.22497
-8.20029
-8.21257
-8.21528
-8.20029
-8.18535
-8.19063
-8.15047
-8.22791
-8.18032
-8.16166
-8.17216
-8.18451
-8.17386
-8.16508
-8.14729
-8.13329
-8.17301
-8.13856
-8.13065
-8.12681
-8.12207
-8.13827
-8.1194
-8.11013
-8.12059
-8.15536
-8.12445
-8.10501
-8.12207
-8.11851
-8.13564
-8.09712
-8.10077
-8.07216
-8.08518
-8.07807
-8.08764
-8.11582
-8.05864
-8.07527
-8.06149
-8.07869
-8.11642
-8.08979
-8.09163
-8.10319
-8.13623
-8.0904
-8.09438
-8.07807
-8.09346
-8.08333
-8.06934
-8.10259
-8.09743
-8.1047
-8.08549
-8.13827
-8.09864
-8.12563
-8.08856
-8.12534
-8.14613
-8.11373
-8.12859
-8.09529
-8.11193
-8.12534
-8.11612
-8.14206
-8.11373
-8.15479
-8.13944
-8.15536
-8.16109
-8.15076
-8.14497
-8.14584
-8.16109
-8.15104
-8.16934
-8.14323
-8.16849
-8.19671
-8.17892
-8.20358
-8.21986
-8.21744
-8.19368
-8.19726
-8.23748
-8.20385
-8.23164
-8.24249
-8.26899
-8.29655
-8.25687
-8.29079
-8.28728
-8.31066
-8.29305
-8.34925
-8.34474
-8.36171
-8.35444
-8.37931
-8.39276
-8.43055
-8.4502
-8.47366
-8.47595
-8.51979
-8.57054
-8.62999
-8.7045
-8.86757
-8.86757
-8.7045
-8.62999
-8.57054
-8.51979
-8.47595
-8.47366
-8.4502
-8.43055
-8.39276
-8.37931
-8.35444
-8.36171
-8.34474
-8.34925
-8.29305
-8.31066
-8.28728
-8.29079
-8.25687
-8.29655
-8.26899
-8.24249
-8.23164
-8.20385
-8.23748
-8.19726
-8.19368
-8.21744
-8.21986
-8.20358
-8.17892
-8.19671
-8.16849
-8.14323
-8.16934
-8.15104
-8.16109
-8.14584
-8.14497
-8.15076
-8.16109
-8.15536
-8.13944
-8.15479
-8.11373
-8.14206
-8.11612
-8.12534
-8.11193
-8.09529
-8.12859
-8.11373
-8.14613
-8.12534
-8.08856
-8.12563
-8.09864
-8.13827
-8.08549
-8.1047
-8.09743
-8.10259
-8.06934
-8.08333
-8.09346
-8.07807
-8.09438
-8.0904
-8.13623
-8.10319
-8.09163
-8.08979
-8.11642
-8.07869
-8.06149
-8.07527
-8.05864
-8.11582
-8.08764
-8.07807
-8.08518
-8.07216
-8.10077
-8.09712
-8.13564
-8.11851
-8.12207
-8.10501
-8.12445
-8.15536
-8.12059
-8.11013
-8.1194
-8.13827
-8.12207
-8.12681
-8.13065
-8.13856
-8.17301
-8.13329
-8.14729
-8.16508
-8.17386
-8.18451
-8.17216
-8.16166
-8.18032
-8.22791
-8.15047
-8.19063
-8.18535
-8.20029
-8.21528
-8.21257
-8.20029
-8.22497
-8.21798
-8.21121
-8.24276
-8.23244
-8.25946
-8.29729
-8.29405
-8.29054
-8.28703
-8.28425
-8.30053
-8.30251
-8.32045
-8.3395
-8.30697
-8.35373
-8.34474
-8.38
-8.3914
-8.40358
-8.39276
-8.39683
-8.40133
-8.41671
-8.44182
-8.43142
-8.45169
-8.47345
-8.47324
-8.49413
-8.52099
-8.52457
-8.53326
-8.56293
-8.56427
-8.59896
-8.60868
-8.59767
-8.63586
-8.6433
-8.67368
-8.70334
-8.71473
-8.70151
-8.74942
-8.78569
-8.80162
-8.83608
-8.817
-8.87613
-8.88267
-8.93129
-8.95931
-8.98957
-9.00528
-9.02714
-9.05975
-9.09952
-9.14495
-9.15641
-9.19482
-9.23523
-9.29835
-9.34154
-9.39391
-9.43939
-9.49386
-9.54366
-9.62721
-9.6972
-9.76158
-9.83596
-9.94319
-10.0321
-10.1433
-10.2695
-10.4137
-10.5933
-10.792
-11.0736
-11.445
-12.0564
-17.3008
