-15.796
-11.8022
-11.2573
-10.9158
-10.6542
-10.4488
-10.2821
-10.1457
-10.006
-9.91255
-9.79663
-9.7231
-9.6071
-9.54323
-9.46219
-9.4123
-9.34172
-9.30027
-9.23122
-9.19533
-9.13303
-9.09088
-9.05824
-9.01311
-8.98369
-8.92506
-8.89357
-8.84434
-8.82438
-8.77462
-8.76826
-8.70699
-8.6788
-8.69131
-8.63675
-8.61523
-8.58653
-8.57527
-8.54636
-8.53543
-8.51579
-8.49617
-8.51819
-8.46968
-8.4551
-8.44161
-8.42486
-8.38458
-8.35561
-8.37217
-8.36007
-8.33878
-8.32506
-8.29255
-8.29405
-8.29705
-8.23986
-8.22604
-8.21798
-8.20522
-8.16309
-8.20604
-8.17808
-8.18619
-8.15507
-8.17273
-8.09224
-8.09803
-8.10712
-8.11403
-8.05038
-8.11552
-8.10016
-8.07496
-8.07371
-8.07403
-8.02421
-8.0206
-8.05548
-8.0427
-8.01136
-8.02093
-8.01928
-7.97212
-8.01136
-7.99632
-7.9266
-7.94803
-7.95402
-7.97281
-7.96102
-7.9831
-7.89952
-7.92299
-7.92154
-7.91571
-7.94874
-7.9179
-7.95543
-7.89395
-7.91242
-7.92443
-7.92696
-7.88758
-7.87474
-7.90433
-7.86134
-7.89581
-7.91498
-7.89952
-7.85516
-7.8774
-7.86404
-7.85709
-7.83122
-7.86902
-7.85127
-7.87017
-7.84854
-7.82204
-7.83913
-7.794
-7.82164
-7.82485
-7.85825
-7.84737
-7.79028
-7.82923
-7.83716
-7.81035
-7.8336
-7.82883
-7.87588
-7.78945
-7.84659
-7.86327
-7.82923
-7.82923
-7.82724
-7.82325
-7.82164
-7.84228
-7.84149
-7.82164
-7.86672
-7.81722
-7.84031
-7.82804
-7.83874
-7.86749
-7.86019
-7.82285
-7.84424
-7.81682
-7.91169
-7.81883
-7.83992
-7.86211
-7.87853
-7.81883
-7.83834
-7.87322
-7.8736
-7.87474
-7.89058
-7.90212
-7.87929
-7.90728
-7.90875
-7.92154
-7.90433
-7.90986
-7.90765
-7.91096
-7.95402
-7.92805
-7.95191
-7.95507
-7.94733
-7.92877
-7.9735
-7.96901
-7.95472
-7.96416
-7.98105
-8.01895
-8.03398
-8.03041
-8.02322
-8.06149
-8.08117
-8.07807
-8.07153
-8.13124
-8.1682
-8.17301
-8.19395
-8.24879
-8.29779
-8.42814
-8.42814
-8.29779
-8.24879
-8.19395
-8.17301
-8.1682
-8.13124
-8.07153
-8.07807
-8.08117
-8.06149
-8.02322
-8.03041
-8.03398
-8.01895
-7.98105
-7.96416
-7.95472
-7.96901
-7.9735
-7.92877
-7.94733
-7.95507
-7.95191
-7.92805
-7.95402
-7.91096
-7.90765
-7.90986
-7.90433
-7.92154
-7.90875
-7.90728
-7.87929
-7.90212
-7.89058
-7.87474
-7.8736
-7.87322
-7.83834
-7.81883
-7.87853
-7.86211
-7.83992
-7.81883
-7.91169
-7.81682
-7.84424
-7.82285
-7.86019
-7.86749
-7.83874
-7.82804
-7.84031
-7.81722
-7.86672
-7.82164
-7.84149
-7.84228
-7.82164
-7.82325
-7.82724
-7.82923
-7.82923
-7.86327
-7.84659
-7.78945
-7.87588
-7.82883
-7.8336
-7.81035
-7.83716
-7.82923
-7.79028
-7.84737
-7.85825
-7.82485
-7.82164
-7.794
-7.83913
-7.82204
-7.84854
-7.87017
-7.85127
-7.86902
-7.83122
-7.85709
-7.86404
-7.8774
-7.85516
-7.89952
-7.91498
-7.89581
-7.86134
-7.90433
-7.87474
-7.88758
-7.92696
-7.92443
-7.91242
-7.89395
-7.95543
-7.9179
-7.94874
-7.91571
-7.92154
-7.92299
-7.89952
-7.9831
-7.96102
-7.97281
-7.95402
-7.94803
-7.9266
-7.99632
-8.01136
-7.97212
-8.01928
-8.02093
-8.01136
-8.0427
-8.05548
-8.0206
-8.02421
-8.07403
-8.07371
-8.07496
-8.10016
-8.11552
-8.05038
-8.11403
-8.10712
-8.09803
-8.09224
-8.17273
-8.15507
-8.18619
-8.17808
-8.20604
-8.16309
-8.20522
-8.21798
-8.22604
-8.23986
-8.29705
-8.29405
-8.29255
-8.32506
-8.33878
-8.36007
-8.37217
-8.35561
-8.38458
-8.42486
-8.44161
-8.4551
-8.46968
-8.51819
-8.49617
-8.51579
-8.53543
-8.54636
-8.57527
-8.58653
-8.61523
-8.63675
-8.69131
-8.6788
-8.70699
-8.76826
-8.77462
-8.82438
-8.84434
-8.89357
-8.92506
-8.98369
-9.01311
-9.05824
-9.09088
-9.13303
-9.19533
-9.23122
-9.30027
-9.34172
-9.4123
-9.46219
-9.54323
-9.6071
-9.7231
-9.79663
-9.91255
-10.006
-10.1457
-10.2821
-10.4488
-10.6542
-10.9158
-11.2573
-11.8022
-15.796
