-16.1298
-11.9258
-11.3673
-11.0052
-10.7389
-10.5297
-10.3393
-10.1997
-10.0586
-9.95708
-9.84363
-9.73938
-9.66796
-9.59472
-9.52237
-9.45266
-9.39864
-9.34548
-9.26596
-9.25158
-9.19401
-9.14431
-9.11151
-9.06114
-9.03062
-8.96929
-8.93696
-8.92718
-8.87122
-8.85324
-8.78783
-8.80762
-8.774
-8.7421
-8.72274
-8.68795
-8.67727
-8.644
-8.65102
-8.60392
-8.58579
-8.53915
-8.53385
-8.52991
-8.51819
-8.46527
-8.43425
-8.46443
-8.44139
-8.42244
-8.38526
-8.39457
-8.37908
-8.36497
-8.33423
-8.33926
-8.34284
-8.27512
-8.31581
-8.27919
-8.28803
-8.27639
-8.25816
-8.23748
-8.20985
-8.26848
-8.18924
-8.17527
-8.13769
-8.19891
-8.16023
-8.15766
-8.15794
-8.12089
-8.17019
-8.16536
-8.06809
-8.10319
-8.06872
-8.10561
-8.08979
-8.10561
-8.09651
-8.04783
-8.06589
-8.06966
-8.05293
-8.04495
-8.05611
-8.04911
-8.0206
-8.0265
-8.0087
-8.0037
-8.014
-7.98854
-7.9697
-8.0067
-7.99193
-7.97074
-7.99396
-7.99092
-7.96693
-7.94414
-7.95191
-7.93093
-7.94626
-7.95858
-7.95543
-7.97005
-7.92299
-7.94058
-7.93236
-7.90286
-7.92262
-7.92299
-7.9338
-7.9452
-7.91644
-7.9413
-7.91899
-7.93773
-7.90839
-7.91096
-7.88156
-7.90581
-7.91425
-7.90433
-7.92985
-7.92696
-7.91462
-7.90212
-7.89878
-7.9266
-7.96172
-7.91863
-7.89878
-7.89357
-7.94058
-7.87967
-7.90397
-7.93236
-7.90692
-7.9047
-7.91059
-7.89767
-7.88908
-7.91352
-7.9248
-7.93236
-7.92516
-7.94414
-7.91279
-7.92371
-7.94626
-7.94944
-7.94201
-7.93845
-7.91899
-7.92081
-7.91096
-7.95997
-7.99429
-7.94272
-7.97934
-7.98242
-7.96901
-7.96936
-8.00035
-7.99328
-7.99834
-7.9848
-7.99362
-8.00737
-7.97934
-8.00803
-8.01961
-8.01928
-8.01961
-8.00637
-8.07216
-8.08795
-8.08887
-8.07028
-8.06589
-8.08856
-8.11013
-8.13593
-8.14931
-8.14265
-8.1409
-8.18451
-8.20876
-8.24774
-8.26488
-8.26282
-8.31606
-8.36684
-8.4209
-8.59822
-8.59822
-8.4209
-8.36684
-8.31606
-8.26282
-8.26488
-8.24774
-8.20876
-8.18451
-8.1409
-8.14265
-8.14931
-8.13593
-8.11013
-8.08856
-8.06589
-8.07028
-8.08887
-8.08795
-8.07216
-8.00637
-8.01961
-8.01928
-8.01961
-8.00803
-7.97934
-8.00737
-7.99362
-7.9848
-7.99834
-7.99328
-8.00035
-7.96936
-7.96901
-7.98242
-7.97934
-7.94272
-7.99429
-7.95997
-7.91096
-7.92081
-7.91899
-7.93845
-7.94201
-7.94944
-7.94626
-7.92371
-7.91279
-7.94414
-7.92516
-7.93236
-7.9248
-7.91352
-7.88908
-7.89767
-7.91059
-7.9047
-7.90692
-7.93236
-7.90397
-7.87967
-7.94058
-7.89357
-7.89878
-7.91863
-7.96172
-7.9266
-7.89878
-7.90212
-7.91462
-7.92696
-7.92985
-7.90433
-7.91425
-7.90581
-7.88156
-7.91096
-7.90839
-7.93773
-7.91899
-7.9413
-7.91644
-7.9452
-7.9338
-7.92299
-7.92262
-7.90286
-7.93236
-7.94058
-7.92299
-7.97005
-7.95543
-7.95858
-7.94626
-7.93093
-7.95191
-7.94414
-7.96693
-7.99092
-7.99396
-7.97074
-7.99193
-8.0067
-7.9697
-7.98854
-8.014
-8.0037
-8.0087
-8.0265
-8.0206
-8.04911
-8.05611
-8.04495
-8.05293
-8.06966
-8.06589
-8.04783
-8.09651
-8.10561
-8.08979
-8.10561
-8.06872
-8.10319
-8.06809
-8.16536
-8.17019
-8.12089
-8.15794
-8.15766
-8.16023
-8.19891
-8.13769
-8.17527
-8.18924
-8.26848
-8.20985
-8.23748
-8.25816
-8.27639
-8.28803
-8.27919
-8.31581
-8.27512
-8.34284
-8.33926
-8.33423
-8.36497
-8.37908
-8.39457
-8.38526
-8.42244
-8.44139
-8.46443
-8.43425
-8.46527
-8.51819
-8.52991
-8.53385
-8.53915
-8.58579
-8.60392
-8.65102
-8.644
-8.67727
-8.68795
-8.72274
-8.7421
-8.774
-8.80762
-8.78783
-8.85324
-8.87122
-8.92718
-8.93696
-8.96929
-9.03062
-9.06114
-9.11151
-9.14431
-9.19401
-9.25158
-9.26596
-9.34548
-9.39864
-9.45266
-9.52237
-9.59472
-9.66796
-9.73938
-9.84363
-9.95708
-10.0586
-10.1997
-10.3393
-10.5297
-10.7389
-11.0052
-11.3673
-11.9258
-16.1298
