-16.665
-12.0239
-11.4354
-11.0488
-10.7679
-10.5634
-10.3723
-10.2301
-10.0939
-9.98645
-9.89278
-9.80758
-9.71063
-9.65214
-9.56648
-9.5074
-9.45227
-9.38429
-9.34084
-9.29762
-9.24687
-9.19655
-9.13841
-9.11779
-9.08376
-9.02521
-8.98857
-8.94807
-8.94911
-8.93919
-8.88793
-8.8488
-8.84462
-8.80177
-8.78109
-8.74878
-8.74799
-8.69751
-8.71276
-8.66561
-8.68525
-8.62694
-8.6008
-8.63141
-8.57716
-8.55256
-8.52397
-8.53739
-8.49064
-8.48364
-8.46041
-8.46632
-8.45468
-8.43294
-8.40043
-8.39886
-8.39548
-8.39163
-8.38366
-8.38617
-8.35773
-8.32845
-8.3114
-8.31287
-8.2948
-8.2918
-8.2769
-8.24223
-8.27104
-8.2417
-8.24774
-8.21501
-8.21798
-8.20686
-8.24879
-8.19506
-8.21852
-8.22764
-8.16536
-8.17836
-8.16023
-8.15047
-8.16735
-8.14526
-8.14206
-8.12829
-8.12296
-8.13856
-8.13505
-8.11821
-8.08825
-8.10772
-8.09834
-8.07558
-8.06369
-8.09712
-8.0618
-8.06966
-8.03883
-8.10259
-8.05325
-8.08856
-8.08579
-8.04879
-8.0206
-8.02976
-8.0369
-8.03236
-8.01764
-8.06338
-8.05007
-8.06903
-8.04975
-8.01169
-8.00169
-8.03268
-8.05325
-8.03008
-8.04975
-8.01202
-7.979
-8.01665
-7.98412
-7.97109
-8.01566
-7.97384
-7.99632
-8.01665
-7.99463
-8.00603
-8.02584
-7.98276
-8.00068
-7.97968
-8.00603
-7.99531
-8.01102
-8.02846
-8.03106
-7.98616
-7.97968
-8.0067
-8.01467
-8.01566
-8.0369
-8.01566
-8.01994
-8.01961
-8.02943
-7.98276
-8.04527
-8.05452
-8.02715
-8.06022
-8.02584
-8.02093
-8.0618
-8.05293
-8.05261
-8.01797
-8.05801
-8.06621
-8.10591
-8.05896
-8.09864
-8.05674
-8.03431
-8.08302
-8.12534
-8.10016
-8.10561
-8.11343
-8.08364
-8.1274
-8.09529
-8.12029
-8.10591
-8.15708
-8.14497
-8.1608
-8.18172
-8.16508
-8.16195
-8.21825
-8.21825
-8.25453
-8.23324
-8.26333
-8.25323
-8.28501
-8.29105
-8.32142
-8.35726
-8.35397
-8.38913
-8.42792
-8.45681
-8.50208
-8.55603
-8.74513
-8.74513
-8.55603
-8.50208
-8.45681
-8.42792
-8.38913
-8.35397
-8.35726
-8.32142
-8.29105
-8.28501
-8.25323
-8.26333
-8.23324
-8.25453
-8.21825
-8.21825
-8.16195
-8.16508
-8.18172
-8.1608
-8.14497
-8.15708
-8.10591
-8.12029
-8.09529
-8.1274
-8.08364
-8.11343
-8.10561
-8.10016
-8.12534
-8.08302
-8.03431
-8.05674
-8.09864
-8.05896
-8.10591
-8.06621
-8.05801
-8.01797
-8.05261
-8.05293
-8.0618
-8.02093
-8.02584
-8.06022
-8.02715
-8.05452
-8.04527
-7.98276
-8.02943
-8.01961
-8.01994
-8.01566
-8.0369
-8.01566
-8.01467
-8.0067
-7.97968
-7.98616
-8.03106
-8.02846
-8.01102
-7.99531
-8.00603
-7.97968
-8.00068
-7.98276
-8.02584
-8.00603
-7.99463
-8.01665
-7.99632
-7.97384
-8.01566
-7.97109
-7.98412
-8.01665
-7.979
-8.01202
-8.04975
-8.03008
-8.05325
-8.03268
-8.00169
-8.01169
-8.04975
-8.06903
-8.05007
-8.06338
-8.01764
-8.03236
-8.0369
-8.02976
-8.0206
-8.04879
-8.08579
-8.08856
-8.05325
-8.10259
-8.03883
-8.06966
-8.0618
-8.09712
-8.06369
-8.07558
-8.09834
-8.10772
-8.08825
-8.11821
-8.13505
-8.13856
-8.12296
-8.12829
-8.14206
-8.14526
-8.16735
-8.15047
-8.16023
-8.17836
-8.16536
-8.22764
-8.21852
-8.19506
-8.24879
-8.20686
-8.21798
-8.21501
-8.24774
-8.2417
-8.27104
-8.24223
-8.2769
-8.2918
-8.2948
-8.31287
-8.3114
-8.32845
-8.35773
-8.38617
-8.38366
-8.39163
-8.39548
-8.39886
-8.40043
-8.43294
-8.45468
-8.46632
-8.46041
-8.48364
-8.49064
-8.53739
-8.52397
-8.55256
-8.57716
-8.63141
-8.6008
-8.62694
-8.68525
-8.66561
-8.71276
-8.69751
-8.74799
-8.74878
-8.78109
-8.80177
-8.84462
-8.8488
-8.88793
-8.93919
-8.94911
-8.94807
-8.98857
-9.02521
-9.08376
-9.11779
-9.13841
-9.19655
-9.24687
-9.29762
-9.34084
-9.38429
-9.45227
-9.5074
-9.56648
-9.65214
-9.71063
-9.80758
-9.89278
-9.98645
-10.0939
-10.2301
-10.3723
-10.5634
-10.7679
-11.0488
-11.4354
-12.0239
-16.665
