-16.7474
-12.0073
-11.4163
-11.0375
-10.7536
-10.5405
-10.3677
-10.225
-10.0988
-9.98939
-9.87637
-9.8035
-9.7165
-9.64588
-9.56255
-9.50405
-9.45352
-9.39557
-9.34198
-9.28303
-9.26189
-9.18738
-9.16555
-9.11943
-9.06693
-9.05146
-9.01408
-8.97916
-8.93195
-8.92678
-8.89014
-8.87277
-8.84592
-8.84578
-8.774
-8.75763
-8.72778
-8.71292
-8.71883
-8.68609
-8.66354
-8.62766
-8.61269
-8.6063
-8.57225
-8.5614
-8.55179
-8.51539
-8.51258
-8.48838
-8.49474
-8.46737
-8.468
-8.42046
-8.45425
-8.41848
-8.40916
-8.39909
-8.40358
-8.36428
-8.3535
-8.36474
-8.32724
-8.34996
-8.33159
-8.29929
-8.26745
-8.27716
-8.25816
-8.24984
-8.26049
-8.23774
-8.24223
-8.25088
-8.22148
-8.23058
-8.18256
-8.20767
-8.1747
-8.20084
-8.17414
-8.17667
-8.13798
-8.12652
-8.12356
-8.18423
-8.15421
-8.13182
-8.15794
-8.11791
-8.12829
-8.10531
-8.12888
-8.12622
-8.10259
-8.10892
-8.09621
-8.06746
-8.07216
-8.0861
-8.05357
-8.10046
-8.06086
-8.0427
-8.09651
-8.07153
-8.05928
-8.07122
-8.02486
-8.02846
-8.04751
-8.06495
-8.05896
-8.0077
-8.03948
-8.02617
-8.06432
-8.03948
-8.04943
-7.98173
-8.04077
-8.01136
-8.01467
-8.01301
-8.03463
-8.00035
-8.02191
-8.02322
-8.0047
-8.00936
-8.01367
-8.03073
-8.04366
-8.03236
-8.00803
-7.99598
-7.99834
-7.98242
-8.0067
-8.04719
-8.04109
-8.0369
-8.00102
-8.0087
-8.04206
-8.05928
-8.01136
-8.02976
-8.03333
-8.04975
-8.03366
-8.06966
-8.05611
-8.04431
-8.04655
-8.05102
-8.04655
-8.06809
-8.0523
-8.05134
-8.07122
-8.10802
-8.07153
-8.06809
-8.07745
-8.10712
-8.09071
-8.10289
-8.10983
-8.13856
-8.11821
-8.14555
-8.13447
-8.1522
-8.1699
-8.1409
-8.12059
-8.16252
-8.19091
-8.16195
-8.19644
-8.2044
-8.19781
-8.20876
-8.2033
-8.24249
-8.23138
-8.26462
-8.27919
-8.27894
-8.31017
-8.33062
-8.33807
-8.36753
-8.39661
-8.39254
-8.47031
-8.5305
-8.55929
-8.74624
-8.74624
-8.55929
-8.5305
-8.47031
-8.39254
-8.39661
-8.36753
-8.33807
-8.33062
-8.31017
-8.27894
-8.27919
-8.26462
-8.23138
-8.24249
-8.2033
-8.20876
-8.19781
-8.2044
-8.19644
-8.16195
-8.19091
-8.16252
-8.12059
-8.1409
-8.1699
-8.1522
-8.13447
-8.14555
-8.11821
-8.13856
-8.10983
-8.10289
-8.09071
-8.10712
-8.07745
-8.06809
-8.07153
-8.10802
-8.07122
-8.05134
-8.0523
-8.06809
-8.04655
-8.05102
-8.04655
-8.04431
-8.05611
-8.06966
-8.03366
-8.04975
-8.03333
-8.02976
-8.01136
-8.05928
-8.04206
-8.0087
-8.00102
-8.0369
-8.04109
-8.04719
-8.0067
-7.98242
-7.99834
-7.99598
-8.00803
-8.03236
-8.04366
-8.03073
-8.01367
-8.00936
-8.0047
-8.02322
-8.02191
-8.00035
-8.03463
-8.01301
-8.01467
-8.01136
-8.04077
-7.98173
-8.04943
-8.03948
-8.06432
-8.02617
-8.03948
-8.0077
-8.05896
-8.06495
-8.04751
-8.02846
-8.02486
-8.07122
-8.05928
-8.07153
-8.09651
-8.0427
-8.06086
-8.10046
-8.05357
-8.0861
-8.07216
-8.06746
-8.09621
-8.10892
-8.10259
-8.12622
-8.12888
-8.10531
-8.12829
-8.11791
-8.15794
-8.13182
-8.15421
-8.18423
-8.12356
-8.12652
-8.13798
-8.17667
-8.17414
-8.20084
-8.1747
-8.20767
-8.18256
-8.23058
-8.22148
-8.25088
-8.24223
-8.23774
-8.26049
-8.24984
-8.25816
-8.27716
-8.26745
-8.29929
-8.33159
-8.34996
-8.32724
-8.36474
-8.3535
-8.36428
-8.40358
-8.39909
-8.40916
-8.41848
-8.45425
-8.42046
-8.468
-8.46737
-8.49474
-8.48838
-8.51258
-8.51539
-8.55179
-8.5614
-8.57225
-8.6063
-8.61269
-8.62766
-8.66354
-8.68609
-8.71883
-8.71292
-8.72778
-8.75763
-8.774
-8.84578
-8.84592
-8.87277
-8.89014
-8.92678
-8.93195
-8.97916
-9.01408
-9.05146
-9.06693
-9.11943
-9.16555
-9.18738
-9.26189
-9.28303
-9.34198
-9.39557
-9.45352
-9.50405
-9.56255
-9.64588
-9.7165
-9.8035
-9.87637
-9.98939
-10.0988
-10.225
-10.3677
-10.5405
-10.7536
-11.0375
-11.4163
-12.0073
-16.7474
