-15.2696
-11.6017
-11.071
-10.7314
-10.4901
-10.303
-10.1284
-9.99984
-9.85954
-9.77531
-9.68297
-9.58932
-9.50837
-9.45611
-9.37212
-9.32447
-9.25961
-9.20483
-9.1397
-9.09941
-9.04947
-9.01445
-8.97702
-8.94168
-8.89741
-8.83681
-8.82688
-8.7983
-8.74544
-8.73343
-8.68389
-8.65521
-8.6332
-8.61849
-8.59007
-8.55468
-8.53228
-8.51519
-8.49126
-8.46316
-8.43338
-8.40626
-8.4187
-8.38913
-8.40021
-8.34308
-8.30474
-8.30548
-8.28071
-8.28652
-8.27027
-8.27001
-8.2388
-8.21852
-8.22148
-8.19312
-8.20849
-8.16622
-8.14352
-8.12976
-8.09255
-8.07059
-8.09803
-8.07496
-8.05769
-8.08795
-8.04141
-8.04206
-8.01863
-8.05643
-8.01069
-7.97591
-7.98139
-8.00303
-7.98582
-8.00703
-7.93021
-7.96485
-7.92805
-7.93702
-7.92588
-7.94378
-7.90728
-7.84149
-7.91681
-7.87891
-7.86327
-7.87474
-7.85671
-7.88458
-7.84149
-7.83834
-7.84149
-7.83558
-7.82244
-7.81642
-7.84071
-7.82804
-7.80507
-7.83676
-7.82963
-7.80588
-7.81238
-7.81883
-7.79441
-7.74327
-7.79235
-7.8336
-7.79852
-7.76853
-7.78489
-7.7803
-7.76557
-7.76302
-7.74544
-7.74803
-7.74587
-7.74544
-7.72665
-7.74457
-7.70976
-7.72709
-7.73412
-7.7411
-7.7012
-7.72886
-7.71512
-7.72445
-7.72665
-7.73193
-7.71869
-7.712
-7.7003
-7.73979
-7.75191
-7.71423
-7.74457
-7.66996
-7.724
-7.7178
-7.74023
-7.73412
-7.7003
-7.70976
-7.69394
-7.73412
-7.70976
-7.70931
-7.7178
-7.72312
-7.72533
-7.72179
-7.71021
-7.75276
-7.7178
-7.73979
-7.75748
-7.74544
-7.72179
-7.7437
-7.71334
-7.74975
-7.73805
-7.76642
-7.7643
-7.74066
-7.78697
-7.7562
-7.71423
-7.77654
-7.78197
-7.78821
-7.75405
-7.75748
-7.8067
-7.82485
-7.78156
-7.8332
-7.814
-7.80425
-7.85748
-7.80139
-7.86288
-7.8736
-7.85088
-7.85671
-7.88946
-7.91316
-7.93416
-7.88758
-7.91242
-7.92913
-7.96137
-8.00001
-8.04366
-8.08148
-8.05991
-8.07931
-8.17414
-8.327
-8.327
-8.17414
-8.07931
-8.05991
-8.08148
-8.04366
-8.00001
-7.96137
-7.92913
-7.91242
-7.88758
-7.93416
-7.91316
-7.88946
-7.85671
-7.85088
-7.8736
-7.86288
-7.80139
-7.85748
-7.80425
-7.814
-7.8332
-7.78156
-7.82485
-7.8067
-7.75748
-7.75405
-7.78821
-7.78197
-7.77654
-7.71423
-7.7562
-7.78697
-7.74066
-7.7643
-7.76642
-7.73805
-7.74975
-7.71334
-7.7437
-7.72179
-7.74544
-7.75748
-7.73979
-7.7178
-7.75276
-7.71021
-7.72179
-7.72533
-7.72312
-7.7178
-7.70931
-7.70976
-7.73412
-7.69394
-7.70976
-7.7003
-7.73412
-7.74023
-7.7178
-7.724
-7.66996
-7.74457
-7.71423
-7.75191
-7.73979
-7.7003
-7.712
-7.71869
-7.73193
-7.72665
-7.72445
-7.71512
-7.72886
-7.7012
-7.7411
-7.73412
-7.72709
-7.70976
-7.74457
-7.72665
-7.74544
-7.74587
-7.74803
-7.74544
-7.76302
-7.76557
-7.7803
-7.78489
-7.76853
-7.79852
-7.8336
-7.79235
-7.74327
-7.79441
-7.81883
-7.81238
-7.80588
-7.82963
-7.83676
-7.80507
-7.82804
-7.84071
-7.81642
-7.82244
-7.83558
-7.84149
-7.83834
-7.84149
-7.88458
-7.85671
-7.87474
-7.86327
-7.87891
-7.91681
-7.84149
-7.90728
-7.94378
-7.92588
-7.93702
-7.92805
-7.96485
-7.93021
-8.00703
-7.98582
-8.00303
-7.98139
-7.97591
-8.01069
-8.05643
-8.01863
-8.04206
-8.04141
-8.08795
-8.05769
-8.07496
-8.09803
-8.07059
-8.09255
-8.12976
-8.14352
-8.16622
-8.20849
-8.19312
-8.22148
-8.21852
-8.2388
-8.27001
-8.27027
-8.28652
-8.28071
-8.30548
-8.30474
-8.34308
-8.40021
-8.38913
-8.4187
-8.40626
-8.43338
-8.46316
-8.49126
-8.51519
-8.53228
-8.55468
-8.59007
-8.61849
-8.6332
-8.65521
-8.68389
-8.73343
-8.74544
-8.7983
-8.82688
-8.83681
-8.89741
-8.94168
-8.97702
-9.01445
-9.04947
-9.09941
-9.1397
-9.20483
-9.25961
-9.32447
-9.37212
-9.45611
-9.50837
-9.58932
-9.68297
-9.77531
-9.85954
-9.99984
-10.1284
-10.303
-10.4901
-10.7314
-11.071
-11.6017
-15.2696
