-17.1635
-12.057
-11.4439
-11.066
-10.7936
-10.5738
-10.3978
-10.252
-10.1257
-10.0238
-9.91517
-9.83221
-9.74701
-9.68365
-9.59907
-9.54574
-9.48486
-9.42819
-9.37848
-9.33891
-9.29321
-9.25043
-9.2019
-9.16147
-9.11328
-9.11647
-9.04759
-9.017
-8.98994
-8.96201
-8.93116
-8.92466
-8.86686
-8.86347
-8.83536
-8.82409
-8.78217
-8.77059
-8.74449
-8.72956
-8.68372
-8.66527
-8.66268
-8.64488
-8.62641
-8.62425
-8.60392
-8.56541
-8.56808
-8.54111
-8.49903
-8.51879
-8.51799
-8.4929
-8.45447
-8.47261
-8.44139
-8.43533
-8.45787
-8.39796
-8.38913
-8.37586
-8.38981
-8.36288
-8.36916
-8.33974
-8.3535
-8.33207
-8.32966
-8.34783
-8.30103
-8.30795
-8.2923
-8.2928
-8.29729
-8.24355
-8.24381
-8.24801
-8.23377
-8.22684
-8.23084
-8.26049
-8.21365
-8.2123
-8.1934
-8.22336
-8.21175
-8.17639
-8.18646
-8.22416
-8.1873
-8.14931
-8.18172
-8.17273
-8.1441
-8.14323
-8.17273
-8.12652
-8.14642
-8.14584
-8.11522
-8.15076
-8.147
-8.11731
-8.1274
-8.11343
-8.11552
-8.10077
-8.11522
-8.12829
-8.07496
-8.09834
-8.08456
-8.10712
-8.0904
-8.0861
-8.11193
-8.06558
-8.10832
-8.07153
-8.07153
-8.08641
-8.06934
-8.06054
-8.08055
-8.07309
-8.07807
-8.07745
-8.09895
-8.06212
-8.08209
-8.0824
-8.10319
-8.09864
-8.10319
-8.07028
-8.06621
-8.12089
-8.0901
-8.06212
-8.09834
-8.1044
-8.07527
-8.11013
-8.07091
-8.09834
-8.11163
-8.10651
-8.1041
-8.07496
-8.10137
-8.09651
-8.12118
-8.14816
-8.10742
-8.11313
-8.13241
-8.10531
-8.12888
-8.14526
-8.1522
-8.11791
-8.15766
-8.1608
-8.14555
-8.11821
-8.13094
-8.17442
-8.17273
-8.15536
-8.19202
-8.17103
-8.15076
-8.17808
-8.21474
-8.20658
-8.21609
-8.22309
-8.24748
-8.23827
-8.23907
-8.27155
-8.25479
-8.32482
-8.28954
-8.31164
-8.34403
-8.36381
-8.33807
-8.36916
-8.37471
-8.41848
-8.42902
-8.45681
-8.48962
-8.5037
-8.57035
-8.58765
-8.66458
-8.84607
-8.84607
-8.66458
-8.58765
-8.57035
-8.5037
-8.48962
-8.45681
-8.42902
-8.41848
-8.37471
-8.36916
-8.33807
-8.36381
-8.34403
-8.31164
-8.28954
-8.32482
-8.25479
-8.27155
-8.23907
-8.23827
-8.24748
-8.22309
-8.21609
-8.20658
-8.21474
-8.17808
-8.15076
-8.17103
-8.19202
-8.15536
-8.17273
-8.17442
-8.13094
-8.11821
-8.14555
-8.1608
-8.15766
-8.11791
-8.1522
-8.14526
-8.12888
-8.10531
-8.13241
-8.11313
-8.10742
-8.14816
-8.12118
-8.09651
-8.10137
-8.07496
-8.1041
-8.10651
-8.11163
-8.09834
-8.07091
-8.11013
-8.07527
-8.1044
-8.09834
-8.06212
-8.0901
-8.12089
-8.06621
-8.07028
-8.10319
-8.09864
-8.10319
-8.0824
-8.08209
-8.06212
-8.09895
-8.07745
-8.07807
-8.07309
-8.08055
-8.06054
-8.06934
-8.08641
-8.07153
-8.07153
-8.10832
-8.06558
-8.11193
-8.0861
-8.0904
-8.10712
-8.08456
-8.09834
-8.07496
-8.12829
-8.11522
-8.10077
-8.11552
-8.11343
-8.1274
-8.11731
-8.147
-8.15076
-8.11522
-8.14584
-8.14642
-8.12652
-8.17273
-8.14323
-8.1441
-8.17273
-8.18172
-8.14931
-8.1873
-8.22416
-8.18646
-8.17639
-8.21175
-8.22336
-8.1934
-8.2123
-8.21365
-8.26049
-8.23084
-8.22684
-8.23377
-8.24801
-8.24381
-8.24355
-8.29729
-8.2928
-8.2923
-8.30795
-8.30103
-8.34783
-8.32966
-8.33207
-8.3535
-8.33974
-8.36916
-8.36288
-8.38981
-8.37586
-8.38913
-8.39796
-8.45787
-8.43533
-8.44139
-8.47261
-8.45447
-8.4929
-8.51799
-8.51879
-8.49903
-8.54111
-8.56808
-8.56541
-8.60392
-8.62425
-8.62641
-8.64488
-8.66268
-8.66527
-8.68372
-8.72956
-8.74449
-8.77059
-8.78217
-8.82409
-8.83536
-8.86347
-8.86686
-8.92466
-8.93116
-8.96201
-8.98994
-9.017
-9.04759
-9.11647
-9.11328
-9.16147
-9.2019
-9.25043
-9.29321
-9.33891
-9.37848
-9.42819
-9.48486
-9.54574
-9.59907
-9.68365
-9.74701
-9.83221
-9.91517
-10.0238
-10.1257
-10.252
-10.3978
-10.5738
-10.7936
-11.066
-11.4439
-12.057
-17.1635
