-16.3823
-11.9763
-11.4013
-11.0327
-10.7493
-10.5404
-10.3552
-10.2073
-10.0699
-9.96768
-9.85833
-9.77838
-9.67891
-9.60238
-9.53698
-9.48006
-9.42376
-9.36743
-9.31353
-9.25665
-9.21583
-9.14409
-9.1396
-9.09369
-9.05556
-9.0114
-8.97411
-8.94872
-8.91838
-8.86178
-8.85367
-8.82659
-8.78768
-8.80162
-8.74735
-8.71621
-8.71128
-8.67676
-8.65973
-8.63569
-8.61105
-8.56808
-8.59193
-8.52991
-8.5307
-8.52357
-8.50025
-8.48715
-8.4701
-8.46168
-8.46632
-8.38458
-8.41139
-8.37793
-8.36939
-8.37309
-8.34213
-8.34546
-8.3311
-8.2958
-8.2968
-8.30524
-8.26771
-8.29405
-8.26873
-8.27639
-8.24748
-8.25323
-8.21555
-8.22282
-8.18479
-8.20029
-8.18924
-8.22094
-8.15393
-8.17075
-8.18423
-8.16508
-8.15104
-8.14265
-8.1274
-8.13329
-8.12356
-8.07807
-8.12207
-8.07993
-8.09377
-8.08425
-8.07993
-8.05959
-8.07838
-8.08302
-8.05674
-8.01895
-8.03593
-8.03819
-8.07465
-8.02421
-8.03301
-8.02158
-8.06652
-8.04495
-8.0229
-8.04911
-7.95648
-8.03333
-8.01003
-7.99598
-8.00269
-7.998
-7.98344
-7.98752
-8.00537
-7.98616
-7.98173
-7.95613
-7.97212
-7.95297
-7.95613
-7.95262
-8.00403
-7.9652
-7.96416
-7.97143
-7.93916
-7.95683
-7.96067
-7.94449
-7.99227
-7.95788
-7.95191
-7.92769
-7.93845
-7.95367
-7.95332
-7.95648
-7.97074
-7.95753
-7.96172
-7.97728
-7.95963
-7.96867
-7.94733
-7.95648
-7.9766
-7.95997
-7.95507
-7.9735
-7.99531
-7.99531
-7.95683
-7.96381
-7.96693
-7.95507
-7.96624
-7.99531
-8.0087
-7.95191
-8.00236
-7.97522
-7.99968
-7.99968
-8.01895
-7.96832
-8.04045
-8.01632
-8.00803
-8.02584
-7.99531
-8.03204
-8.04366
-8.07122
-8.05991
-8.03948
-8.07745
-8.05389
-8.06212
-8.09621
-8.0904
-8.08302
-8.10259
-8.12148
-8.11851
-8.10289
-8.13447
-8.18088
-8.17555
-8.18813
-8.22148
-8.20767
-8.23084
-8.23774
-8.25764
-8.28122
-8.31728
-8.33279
-8.35303
-8.40805
-8.47094
-8.65312
-8.65312
-8.47094
-8.40805
-8.35303
-8.33279
-8.31728
-8.28122
-8.25764
-8.23774
-8.23084
-8.20767
-8.22148
-8.18813
-8.17555
-8.18088
-8.13447
-8.10289
-8.11851
-8.12148
-8.10259
-8.08302
-8.0904
-8.09621
-8.06212
-8.05389
-8.07745
-8.03948
-8.05991
-8.07122
-8.04366
-8.03204
-7.99531
-8.02584
-8.00803
-8.01632
-8.04045
-7.96832
-8.01895
-7.99968
-7.99968
-7.97522
-8.00236
-7.95191
-8.0087
-7.99531
-7.96624
-7.95507
-7.96693
-7.96381
-7.95683
-7.99531
-7.99531
-7.9735
-7.95507
-7.95997
-7.9766
-7.95648
-7.94733
-7.96867
-7.95963
-7.97728
-7.96172
-7.95753
-7.97074
-7.95648
-7.95332
-7.95367
-7.93845
-7.92769
-7.95191
-7.95788
-7.99227
-7.94449
-7.96067
-7.95683
-7.93916
-7.97143
-7.96416
-7.9652
-8.00403
-7.95262
-7.95613
-7.95297
-7.97212
-7.95613
-7.98173
-7.98616
-8.00537
-7.98752
-7.98344
-7.998
-8.00269
-7.99598
-8.01003
-8.03333
-7.95648
-8.04911
-8.0229
-8.04495
-8.06652
-8.02158
-8.03301
-8.02421
-8.07465
-8.03819
-8.03593
-8.01895
-8.05674
-8.08302
-8.07838
-8.05959
-8.07993
-8.08425
-8.09377
-8.07993
-8.12207
-8.07807
-8.12356
-8.13329
-8.1274
-8.14265
-8.15104
-8.16508
-8.18423
-8.17075
-8.15393
-8.22094
-8.18924
-8.20029
-8.18479
-8.22282
-8.21555
-8.25323
-8.24748
-8.27639
-8.26873
-8.29405
-8.26771
-8.30524
-8.2968
-8.2958
-8.3311
-8.34546
-8.34213
-8.37309
-8.36939
-8.37793
-8.41139
-8.38458
-8.46632
-8.46168
-8.4701
-8.48715
-8.50025
-8.52357
-8.5307
-8.52991
-8.59193
-8.56808
-8.61105
-8.63569
-8.65973
-8.67676
-8.71128
-8.71621
-8.74735
-8.80162
-8.78768
-8.82659
-8.85367
-8.86178
-8.91838
-8.94872
-8.97411
-9.0114
-9.05556
-9.09369
-9.1396
-9.14409
-9.21583
-9.25665
-9.31353
-9.36743
-9.42376
-9.48006
-9.53698
-9.60238
-9.67891
-9.77838
-9.85833
-9.96768
-10.0699
-10.2073
-10.3552
-10.5404
-10.7493
-11.0327
-11.4013
-11.9763
-16.3823
