-17.257
-12.0588
-11.442
-11.0613
-10.7917
-10.5775
-10.3966
-10.2635
-10.141
-10.0224
-9.92818
-9.8265
-9.75927
-9.66796
-9.61727
-9.53662
-9.49687
-9.42263
-9.40088
-9.34845
-9.29358
-9.22916
-9.21443
-9.14697
-9.12772
-9.1191
-9.07073
-9.01165
-9.00504
-8.96342
-8.93788
-8.89124
-8.88184
-8.85266
-8.85009
-8.81745
-8.80702
-8.77168
-8.74846
-8.74528
-8.69985
-8.68423
-8.66302
-8.65102
-8.60502
-8.60594
-8.596
-8.57998
-8.57225
-8.59341
-8.52556
-8.51258
-8.50228
-8.48859
-8.45829
-8.47783
-8.45276
-8.42266
-8.45255
-8.43011
-8.44118
-8.37931
-8.41472
-8.41028
-8.35067
-8.36381
-8.34332
-8.34498
-8.30078
-8.3299
-8.30251
-8.31115
-8.29455
-8.29205
-8.29405
-8.27283
-8.25816
-8.26462
-8.24381
-8.26873
-8.24486
-8.19836
-8.23456
-8.24249
-8.22282
-8.20495
-8.18702
-8.1898
-8.20876
-8.20111
-8.19919
-8.17132
-8.16508
-8.16905
-8.14787
-8.1747
-8.18396
-8.15249
-8.15364
-8.13359
-8.15047
-8.13241
-8.13623
-8.11821
-8.15507
-8.12829
-8.12917
-8.1274
-8.10832
-8.11642
-8.07993
-8.08825
-8.10228
-8.12947
-8.0824
-8.08333
-8.07465
-8.11432
-8.11821
-8.10561
-8.06872
-8.09712
-8.09803
-8.10802
-8.10651
-8.10349
-8.07153
-8.06243
-8.09743
-8.08795
-8.08856
-8.14032
-8.07527
-8.08948
-8.07838
-8.10651
-8.07403
-8.08302
-8.10922
-8.06495
-8.07683
-8.08333
-8.07869
-8.12622
-8.12622
-8.0956
-8.10802
-8.13271
-8.10137
-8.12059
-8.10531
-8.15766
-8.09955
-8.13535
-8.12118
-8.15737
-8.14468
-8.12474
-8.11492
-8.16707
-8.1545
-8.15018
-8.16593
-8.15708
-8.12445
-8.16423
-8.12711
-8.20358
-8.16023
-8.19451
-8.19974
-8.22818
-8.20713
-8.21636
-8.23297
-8.23456
-8.23191
-8.24748
-8.23642
-8.24958
-8.24905
-8.28122
-8.28324
-8.29754
-8.27919
-8.35609
-8.35397
-8.36007
-8.36521
-8.36474
-8.41472
-8.41139
-8.4429
-8.48632
-8.47345
-8.52932
-8.56121
-8.62281
-8.67982
-8.84304
-8.84304
-8.67982
-8.62281
-8.56121
-8.52932
-8.47345
-8.48632
-8.4429
-8.41139
-8.41472
-8.36474
-8.36521
-8.36007
-8.35397
-8.35609
-8.27919
-8.29754
-8.28324
-8.28122
-8.24905
-8.24958
-8.23642
-8.24748
-8.23191
-8.23456
-8.23297
-8.21636
-8.20713
-8.22818
-8.19974
-8.19451
-8.16023
-8.20358
-8.12711
-8.16423
-8.12445
-8.15708
-8.16593
-8.15018
-8.1545
-8.16707
-8.11492
-8.12474
-8.14468
-8.15737
-8.12118
-8.13535
-8.09955
-8.15766
-8.10531
-8.12059
-8.10137
-8.13271
-8.10802
-8.0956
-8.12622
-8.12622
-8.07869
-8.08333
-8.07683
-8.06495
-8.10922
-8.08302
-8.07403
-8.10651
-8.07838
-8.08948
-8.07527
-8.14032
-8.08856
-8.08795
-8.09743
-8.06243
-8.07153
-8.10349
-8.10651
-8.10802
-8.09803
-8.09712
-8.06872
-8.10561
-8.11821
-8.11432
-8.07465
-8.08333
-8.0824
-8.12947
-8.10228
-8.08825
-8.07993
-8.11642
-8.10832
-8.1274
-8.12917
-8.12829
-8.15507
-8.11821
-8.13623
-8.13241
-8.15047
-8.13359
-8.15364
-8.15249
-8.18396
-8.1747
-8.14787
-8.16905
-8.16508
-8.17132
-8.19919
-8.20111
-8.20876
-8.1898
-8.18702
-8.20495
-8.22282
-8.24249
-8.23456
-8.19836
-8.24486
-8.26873
-8.24381
-8.26462
-8.25816
-8.27283
-8.29405
-8.29205
-8.29455
-8.31115
-8.30251
-8.3299
-8.30078
-8.34498
-8.34332
-8.36381
-8.35067
-8.41028
-8.41472
-8.37931
-8.44118
-8.43011
-8.45255
-8.42266
-8.45276
-8.47783
-8.45829
-8.48859
-8.50228
-8.51258
-8.52556
-8.59341
-8.57225
-8.57998
-8.596
-8.60594
-8.60502
-8.65102
-8.66302
-8.68423
-8.69985
-8.74528
-8.74846
-8.77168
-8.80702
-8.81745
-8.85009
-8.85266
-8.88184
-8.89124
-8.93788
-8.96342
-9.00504
-9.01165
-9.07073
-9.1191
-9.12772
-9.14697
-9.21443
-9.22916
-9.29358
-9.34845
-9.40088
-9.42263
-9.49687
-9.53662
-9.61727
-9.66796
-9.75927
-9.8265
-9.92818
-10.0224
-10.141
-10.2635
-10.3966
-10.5775
-10.7917
-11.0613
-11.442
-12.0588
-17.257
