-14.8304
-11.4207
-10.9123
-10.5727
-10.3408
-10.1617
-9.9847
-9.86308
-9.73525
-9.64685
-9.55464
-9.47024
-9.37983
-9.32224
-9.24165
-9.19238
-9.13357
-9.08353
-9.03491
-8.97967
-8.94611
-8.88253
-8.87375
-8.81567
-8.80312
-8.73101
-8.70185
-8.69735
-8.65137
-8.62551
-8.58821
-8.56598
-8.52357
-8.50167
-8.49556
-8.4857
-8.45425
-8.43272
-8.4038
-8.38252
-8.36684
-8.31703
-8.32312
-8.33471
-8.31557
-8.26822
-8.25972
-8.25894
-8.21825
-8.21879
-8.19616
-8.18032
-8.1628
-8.16195
-8.14439
-8.12593
-8.10319
-8.08117
-8.09955
-8.10289
-8.07371
-8.05134
-8.00403
-8.02027
-7.99092
-8.03333
-7.99699
-7.96276
-7.96381
-7.96416
-7.95191
-7.93952
-7.94094
-7.92371
-7.93559
-7.94485
-7.91389
-7.89804
-7.86557
-7.89804
-7.89767
-7.87093
-7.83755
-7.83241
-7.85787
-7.84031
-7.81278
-7.81722
-7.83003
-7.85438
-7.81883
-7.80954
-7.80914
-7.77654
-7.79523
-7.75705
-7.79934
-7.76769
-7.74197
-7.79028
-7.77233
-7.76047
-7.79606
-7.77737
-7.71289
-7.72886
-7.70075
-7.75791
-7.76514
-7.71646
-7.71557
-7.72621
-7.70256
-7.68846
-7.71021
-7.72046
-7.69576
-7.68064
-7.712
-7.69303
-7.68248
-7.69029
-7.66763
-7.68294
-7.70976
-7.67136
-7.68156
-7.65917
-7.6516
-7.68478
-7.69303
-7.67601
-7.64108
-7.66153
-7.69257
-7.63192
-7.68064
-7.65255
-7.65017
-7.68018
-7.68937
-7.63772
-7.70165
-7.66059
-7.64826
-7.64204
-7.6406
-7.65492
-7.68937
-7.6811
-7.6587
-7.72886
-7.69848
-7.65397
-7.69984
-7.66011
-7.67647
-7.67276
-7.65207
-7.66247
-7.66106
-7.72709
-7.67089
-7.70075
-7.66996
-7.69667
-7.68202
-7.70346
-7.69211
-7.68064
-7.70841
-7.71155
-7.70436
-7.71735
-7.76387
-7.73017
-7.72974
-7.75061
-7.76684
-7.73936
-7.76174
-7.76811
-7.81116
-7.7907
-7.80588
-7.82644
-7.83716
-7.82963
-7.85399
-7.85477
-7.85438
-7.86978
-7.89804
-7.96555
-7.96659
-7.96172
-8.0057
-8.05452
-8.07683
-8.20467
-8.20467
-8.07683
-8.05452
-8.0057
-7.96172
-7.96659
-7.96555
-7.89804
-7.86978
-7.85438
-7.85477
-7.85399
-7.82963
-7.83716
-7.82644
-7.80588
-7.7907
-7.81116
-7.76811
-7.76174
-7.73936
-7.76684
-7.75061
-7.72974
-7.73017
-7.76387
-7.71735
-7.70436
-7.71155
-7.70841
-7.68064
-7.69211
-7.70346
-7.68202
-7.69667
-7.66996
-7.70075
-7.67089
-7.72709
-7.66106
-7.66247
-7.65207
-7.67276
-7.67647
-7.66011
-7.69984
-7.65397
-7.69848
-7.72886
-7.6587
-7.6811
-7.68937
-7.65492
-7.6406
-7.64204
-7.64826
-7.66059
-7.70165
-7.63772
-7.68937
-7.68018
-7.65017
-7.65255
-7.68064
-7.63192
-7.69257
-7.66153
-7.64108
-7.67601
-7.69303
-7.68478
-7.6516
-7.65917
-7.68156
-7.67136
-7.70976
-7.68294
-7.66763
-7.69029
-7.68248
-7.69303
-7.712
-7.68064
-7.69576
-7.72046
-7.71021
-7.68846
-7.70256
-7.72621
-7.71557
-7.71646
-7.76514
-7.75791
-7.70075
-7.72886
-7.71289
-7.77737
-7.79606
-7.76047
-7.77233
-7.79028
-7.74197
-7.76769
-7.79934
-7.75705
-7.79523
-7.77654
-7.80914
-7.80954
-7.81883
-7.85438
-7.83003
-7.81722
-7.81278
-7.84031
-7.85787
-7.83241
-7.83755
-7.87093
-7.89767
-7.89804
-7.86557
-7.89804
-7.91389
-7.94485
-7.93559
-7.92371
-7.94094
-7.93952
-7.95191
-7.96416
-7.96381
-7.96276
-7.99699
-8.03333
-7.99092
-8.02027
-8.00403
-8.05134
-8.07371
-8.10289
-8.09955
-8.08117
-8.10319
-8.12593
-8.14439
-8.16195
-8.1628
-8.18032
-8.19616
-8.21879
-8.21825
-8.25894
-8.25972
-8.26822
-8.31557
-8.33471
-8.32312
-8.31703
-8.36684
-8.38252
-8.4038
-8.43272
-8.45425
-8.4857
-8.49556
-8.50167
-8.52357
-8.56598
-8.58821
-8.62551
-8.65137
-8.69735
-8.70185
-8.73101
-8.80312
-8.81567
-8.87375
-8.88253
-8.94611
-8.97967
-9.03491
-9.08353
-9.13357
-9.19238
-9.24165
-9.32224
-9.37983
-9.47024
-9.55464
-9.64685
-9.73525
-9.86308
-9.9847
-10.1617
-10.3408
-10.5727
-10.9123
-11.4207
-14.8304
