-16.8149
-12.0455
-11.4303
-11.0511
-10.7851
-10.5623
-10.3863
-10.2451
-10.1138
-9.99789
-9.89757
-9.81422
-9.73211
-9.6632
-9.5885
-9.51613
-9.45923
-9.39557
-9.35591
-9.31109
-9.2459
-9.20994
-9.17492
-9.11372
-9.10941
-9.06138
-9.0176
-8.97816
-8.97639
-8.95506
-8.88972
-8.88378
-8.80792
-8.81804
-8.79558
-8.76171
-8.74497
-8.69199
-8.7055
-8.69316
-8.68237
-8.62802
-8.62587
-8.61486
-8.60172
-8.56484
-8.55564
-8.56006
-8.52595
-8.52119
-8.49023
-8.49085
-8.47637
-8.45255
-8.43837
-8.43142
-8.40201
-8.36544
-8.39344
-8.36241
-8.3724
-8.3589
-8.3299
-8.34617
-8.32142
-8.31825
-8.27995
-8.28577
-8.29829
-8.28904
-8.24486
-8.25114
-8.25816
-8.24748
-8.21474
-8.20931
-8.20385
-8.1898
-8.22978
-8.20385
-8.18396
-8.19699
-8.17245
-8.15507
-8.17075
-8.17216
-8.13271
-8.13124
-8.14032
-8.12593
-8.15421
-8.14671
-8.11731
-8.1197
-8.13035
-8.11013
-8.11761
-8.09193
-8.11462
-8.05579
-8.09407
-8.09163
-8.09712
-8.06149
-8.06684
-8.05833
-8.07652
-8.09529
-8.04012
-8.08979
-8.05325
-8.07122
-8.05991
-8.04012
-8.04687
-8.04623
-8.04431
-8.06306
-8.07028
-8.0278
-8.01102
-8.03431
-8.04173
-8.01069
-8.05864
-8.02126
-8.06054
-8.0398
-8.02224
-8.03657
-8.03333
-8.04398
-8.0398
-8.04591
-8.01533
-8.02191
-8.02158
-8.02943
-8.04077
-8.05261
-8.03073
-8.04495
-8.02878
-8.07247
-8.04559
-8.06903
-8.05769
-8.04527
-8.09955
-8.0369
-8.01169
-8.05261
-8.04847
-8.04109
-8.08024
-8.10046
-8.07309
-8.04012
-8.02911
-8.03204
-8.06117
-8.10742
-8.09285
-8.12504
-8.08148
-8.05643
-8.08764
-8.09132
-8.14613
-8.14061
-8.14352
-8.15018
-8.13153
-8.12652
-8.15937
-8.1608
-8.14497
-8.19285
-8.14873
-8.20412
-8.21148
-8.17414
-8.22924
-8.22844
-8.23191
-8.23084
-8.26771
-8.26694
-8.28803
-8.29804
-8.28879
-8.3542
-8.39344
-8.39818
-8.40782
-8.44118
-8.50106
-8.54364
-8.6174
-8.75163
-8.75163
-8.6174
-8.54364
-8.50106
-8.44118
-8.40782
-8.39818
-8.39344
-8.3542
-8.28879
-8.29804
-8.28803
-8.26694
-8.26771
-8.23084
-8.23191
-8.22844
-8.22924
-8.17414
-8.21148
-8.20412
-8.14873
-8.19285
-8.14497
-8.1608
-8.15937
-8.12652
-8.13153
-8.15018
-8.14352
-8.14061
-8.14613
-8.09132
-8.08764
-8.05643
-8.08148
-8.12504
-8.09285
-8.10742
-8.06117
-8.03204
-8.02911
-8.04012
-8.07309
-8.10046
-8.08024
-8.04109
-8.04847
-8.05261
-8.01169
-8.0369
-8.09955
-8.04527
-8.05769
-8.06903
-8.04559
-8.07247
-8.02878
-8.04495
-8.03073
-8.05261
-8.04077
-8.02943
-8.02158
-8.02191
-8.01533
-8.04591
-8.0398
-8.04398
-8.03333
-8.03657
-8.02224
-8.0398
-8.06054
-8.02126
-8.05864
-8.01069
-8.04173
-8.03431
-8.01102
-8.0278
-8.07028
-8.06306
-8.04431
-8.04623
-8.04687
-8.04012
-8.05991
-8.07122
-8.05325
-8.08979
-8.04012
-8.09529
-8.07652
-8.05833
-8.06684
-8.06149
-8.09712
-8.09163
-8.09407
-8.05579
-8.11462
-8.09193
-8.11761
-8.11013
-8.13035
-8.1197
-8.11731
-8.14671
-8.15421
-8.12593
-8.14032
-8.13124
-8.13271
-8.17216
-8.17075
-8.15507
-8.17245
-8.19699
-8.18396
-8.20385
-8.22978
-8.1898
-8.20385
-8.20931
-8.21474
-8.24748
-8.25816
-8.25114
-8.24486
-8.28904
-8.29829
-8.28577
-8.27995
-8.31825
-8.32142
-8.34617
-8.3299
-8.3589
-8.3724
-8.36241
-8.39344
-8.36544
-8.40201
-8.43142
-8.43837
-8.45255
-8.47637
-8.49085
-8.49023
-8.52119
-8.52595
-8.56006
-8.55564
-8.56484
-8.60172
-8.61486
-8.62587
-8.62802
-8.68237
-8.69316
-8.7055
-8.69199
-8.74497
-8.76171
-8.79558
-8.81804
-8.80792
-8.88378
-8.88972
-8.95506
-8.97639
-8.97816
-9.0176
-9.06138
-9.10941
-9.11372
-9.17492
-9.20994
-9.2459
-9.31109
-9.35591
-9.39557
-9.45923
-9.51613
-9.5885
-9.6632
-9.73211
-9.81422
-9.89757
-9.99789
-10.1138
-10.2451
-10.3863
-10.5623
-10.7851
-11.0511
-11.4303
-12.0455
-16.8149
