-16.9459
-12.0523
-11.4381
-11.0572
-10.7868
-10.5761
-10.3925
-10.2553
-10.1159
-10.0072
-9.89722
-9.80057
-9.72925
-9.6701
-9.58953
-9.53148
-9.47278
-9.42795
-9.36323
-9.33318
-9.27837
-9.22906
-9.17647
-9.13895
-9.10498
-9.08069
-9.05181
-9.01104
-8.95674
-8.9469
-8.9122
-8.88003
-8.87291
-8.83084
-8.83127
-8.77323
-8.75258
-8.73327
-8.72209
-8.70151
-8.67129
-8.68542
-8.63976
-8.63034
-8.59212
-8.5841
-8.54889
-8.56598
-8.52635
-8.52496
-8.51619
-8.50714
-8.4772
-8.48302
-8.48136
-8.44998
-8.43966
-8.40626
-8.40805
-8.38981
-8.37931
-8.39254
-8.35444
-8.36567
-8.35937
-8.32627
-8.31459
-8.32191
-8.26694
-8.29079
-8.28324
-8.26488
-8.25427
-8.24643
-8.27868
-8.25453
-8.23986
-8.23271
-8.24407
-8.22175
-8.21986
-8.19974
-8.20276
-8.20631
-8.18841
-8.19091
-8.1716
-8.11761
-8.128
-8.13417
-8.14758
-8.12976
-8.10922
-8.13329
-8.15393
-8.11373
-8.13035
-8.09682
-8.13006
-8.12917
-8.1191
-8.10349
-8.10802
-8.08795
-8.10953
-8.11761
-8.08733
-8.09193
-8.06212
-8.06652
-8.02813
-8.09468
-8.06966
-8.06652
-8.06872
-8.06369
-8.05293
-8.05706
-8.08487
-8.06432
-8.06621
-8.06652
-8.06527
-8.05261
-8.04398
-8.0369
-8.05738
-8.0523
-8.00336
-8.03398
-8.06086
-8.05548
-8.08271
-8.05389
-8.04975
-8.00336
-8.03301
-8.06338
-8.08918
-8.06338
-8.11672
-8.03593
-8.01102
-8.05325
-8.06022
-8.07527
-8.07247
-8.06464
-8.07122
-8.06117
-8.079
-8.09316
-8.07931
-8.06117
-8.08302
-8.06054
-8.08425
-8.07434
-8.10802
-8.12059
-8.09955
-8.11403
-8.12563
-8.10501
-8.11999
-8.08825
-8.10198
-8.12947
-8.13827
-8.1665
-8.17216
-8.15335
-8.147
-8.182
-8.2123
-8.18116
-8.18172
-8.19257
-8.20303
-8.22282
-8.24197
-8.22202
-8.25245
-8.2592
-8.29953
-8.2845
-8.27868
-8.33615
-8.32434
-8.32385
-8.37194
-8.35984
-8.40872
-8.41582
-8.44934
-8.46443
-8.50755
-8.5307
-8.61631
-8.78829
-8.78829
-8.61631
-8.5307
-8.50755
-8.46443
-8.44934
-8.41582
-8.40872
-8.35984
-8.37194
-8.32385
-8.32434
-8.33615
-8.27868
-8.2845
-8.29953
-8.2592
-8.25245
-8.22202
-8.24197
-8.22282
-8.20303
-8.19257
-8.18172
-8.18116
-8.2123
-8.182
-8.147
-8.15335
-8.17216
-8.1665
-8.13827
-8.12947
-8.10198
-8.08825
-8.11999
-8.10501
-8.12563
-8.11403
-8.09955
-8.12059
-8.10802
-8.07434
-8.08425
-8.06054
-8.08302
-8.06117
-8.07931
-8.09316
-8.079
-8.06117
-8.07122
-8.06464
-8.07247
-8.07527
-8.06022
-8.05325
-8.01102
-8.03593
-8.11672
-8.06338
-8.08918
-8.06338
-8.03301
-8.00336
-8.04975
-8.05389
-8.08271
-8.05548
-8.06086
-8.03398
-8.00336
-8.0523
-8.05738
-8.0369
-8.04398
-8.05261
-8.06527
-8.06652
-8.06621
-8.06432
-8.08487
-8.05706
-8.05293
-8.06369
-8.06872
-8.06652
-8.06966
-8.09468
-8.02813
-8.06652
-8.06212
-8.09193
-8.08733
-8.11761
-8.10953
-8.08795
-8.10802
-8.10349
-8.1191
-8.12917
-8.13006
-8.09682
-8.13035
-8.11373
-8.15393
-8.13329
-8.10922
-8.12976
-8.14758
-8.13417
-8.128
-8.11761
-8.1716
-8.19091
-8.18841
-8.20631
-8.20276
-8.19974
-8.21986
-8.22175
-8.24407
-8.23271
-8.23986
-8.25453
-8.27868
-8.24643
-8.25427
-8.26488
-8.28324
-8.29079
-8.26694
-8.32191
-8.31459
-8.32627
-8.35937
-8.36567
-8.35444
-8.39254
-8.37931
-8.38981
-8.40805
-8.40626
-8.43966
-8.44998
-8.48136
-8.48302
-8.4772
-8.50714
-8.51619
-8.52496
-8.52635
-8.56598
-8.54889
-8.5841
-8.59212
-8.63034
-8.63976
-8.68542
-8.67129
-8.70151
-8.72209
-8.73327
-8.75258
-8.77323
-8.83127
-8.83084
-8.87291
-8.88003
-8.9122
-8.9469
-8.95674
-9.01104
-9.05181
-9.08069
-9.10498
-9.13895
-9.17647
-9.22906
-9.27837
-9.33318
-9.36323
-9.42795
-9.47278
-9.53148
-9.58953
-9.6701
-9.72925
-9.80057
-9.89722
-10.0072
-10.1159
-10.2553
-10.3925
-10.5761
-10.7868
-11.0572
-11.4381
-12.0523
-16.9459
