-16.8806
-12.0668
-11.4573
-11.0657
-10.7947
-10.5809
-10.3989
-10.244
-10.1219
-10.0221
-9.90334
-9.82871
-9.74894
-9.68365
-9.59138
-9.52705
-9.47101
-9.40385
-9.36717
-9.31911
-9.28573
-9.21254
-9.17823
-9.12978
-9.10809
-9.05369
-9.04381
-8.99937
-8.96712
-8.94416
-8.90069
-8.89659
-8.8663
-8.8323
-8.81893
-8.77122
-8.75637
-8.75558
-8.73166
-8.68694
-8.66423
-8.66008
-8.61903
-8.62891
-8.63728
-8.60484
-8.55468
-8.55101
-8.52873
-8.53129
-8.50167
-8.48591
-8.48157
-8.46464
-8.42814
-8.42945
-8.41693
-8.41183
-8.41161
-8.37147
-8.36753
-8.36567
-8.32506
-8.33519
-8.32264
-8.32312
-8.30548
-8.31263
-8.2968
-8.27589
-8.26642
-8.25505
-8.27767
-8.25271
-8.23616
-8.24328
-8.22844
-8.25401
-8.19146
-8.20904
-8.17386
-8.17498
-8.20303
-8.15995
-8.15594
-8.15536
-8.1608
-8.13417
-8.16593
-8.16166
-8.15306
-8.14642
-8.16223
-8.14758
-8.10742
-8.13153
-8.09803
-8.12445
-8.11552
-8.11552
-8.11313
-8.0762
-8.09407
-8.10228
-8.08055
-8.06432
-8.05928
-8.08117
-8.07309
-8.05769
-8.06966
-8.04045
-8.06997
-8.08302
-8.03625
-8.0542
-8.03171
-8.06809
-8.04334
-8.05706
-8.05166
-8.07091
-8.04495
-8.03948
-8.03754
-8.03366
-8.00537
-8.05134
-8.04012
-8.02486
-8.0762
-8.04463
-8.05928
-8.04077
-8.03008
-8.05959
-8.03073
-8.08425
-8.03008
-8.04559
-8.07776
-8.05643
-8.07527
-8.06621
-8.07776
-8.08209
-8.05516
-8.03528
-8.06086
-8.0618
-8.08117
-8.07122
-8.04751
-8.06684
-8.06495
-8.08579
-8.08856
-8.0959
-8.05833
-8.10712
-8.12563
-8.1277
-8.09193
-8.07714
-8.10107
-8.0904
-8.12118
-8.13476
-8.09925
-8.12534
-8.13006
-8.14119
-8.14671
-8.15479
-8.1441
-8.1409
-8.16052
-8.18088
-8.20111
-8.22764
-8.20713
-8.20221
-8.23324
-8.22818
-8.26178
-8.25271
-8.29705
-8.31581
-8.28879
-8.32506
-8.35279
-8.34925
-8.39548
-8.42112
-8.41848
-8.44376
-8.5035
-8.54422
-8.61014
-8.77648
-8.77648
-8.61014
-8.54422
-8.5035
-8.44376
-8.41848
-8.42112
-8.39548
-8.34925
-8.35279
-8.32506
-8.28879
-8.31581
-8.29705
-8.25271
-8.26178
-8.22818
-8.23324
-8.20221
-8.20713
-8.22764
-8.20111
-8.18088
-8.16052
-8.1409
-8.1441
-8.15479
-8.14671
-8.14119
-8.13006
-8.12534
-8.09925
-8.13476
-8.12118
-8.0904
-8.10107
-8.07714
-8.09193
-8.1277
-8.12563
-8.10712
-8.05833
-8.0959
-8.08856
-8.08579
-8.06495
-8.06684
-8.04751
-8.07122
-8.08117
-8.0618
-8.06086
-8.03528
-8.05516
-8.08209
-8.07776
-8.06621
-8.07527
-8.05643
-8.07776
-8.04559
-8.03008
-8.08425
-8.03073
-8.05959
-8.03008
-8.04077
-8.05928
-8.04463
-8.0762
-8.02486
-8.04012
-8.05134
-8.00537
-8.03366
-8.03754
-8.03948
-8.04495
-8.07091
-8.05166
-8.05706
-8.04334
-8.06809
-8.03171
-8.0542
-8.03625
-8.08302
-8.06997
-8.04045
-8.06966
-8.05769
-8.07309
-8.08117
-8.05928
-8.06432
-8.08055
-8.10228
-8.09407
-8.0762
-8.11313
-8.11552
-8.11552
-8.12445
-8.09803
-8.13153
-8.10742
-8.14758
-8.16223
-8.14642
-8.15306
-8.16166
-8.16593
-8.13417
-8.1608
-8.15536
-8.15594
-8.15995
-8.20303
-8.17498
-8.17386
-8.20904
-8.19146
-8.25401
-8.22844
-8.24328
-8.23616
-8.25271
-8.27767
-8.25505
-8.26642
-8.27589
-8.2968
-8.31263
-8.30548
-8.32312
-8.32264
-8.33519
-8.32506
-8.36567
-8.36753
-8.37147
-8.41161
-8.41183
-8.41693
-8.42945
-8.42814
-8.46464
-8.48157
-8.48591
-8.50167
-8.53129
-8.52873
-8.55101
-8.55468
-8.60484
-8.63728
-8.62891
-8.61903
-8.66008
-8.66423
-8.68694
-8.73166
-8.75558
-8.75637
-8.77122
-8.81893
-8.8323
-8.8663
-8.89659
-8.90069
-8.94416
-8.96712
-8.99937
-9.04381
-9.05369
-9.10809
-9.12978
-9.17823
-9.21254
-9.28573
-9.31911
-9.36717
-9.40385
-9.47101
-9.52705
-9.59138
-9.68365
-9.74894
-9.82871
-9.90334
-10.0221
-10.1219
-10.244
-10.3989
-10.5809
-10.7947
-11.0657
-11.4573
-12.0668
-16.8806
