-17.1136
-12.0587
-11.4431
-11.0573
-10.7916
-10.5794
-10.4022
-10.2521
-10.1126
-10.0322
-9.93032
-9.82617
-9.73785
-9.68034
-9.59886
-9.54767
-9.48721
-9.43684
-9.38681
-9.339
-9.28536
-9.23181
-9.16858
-9.15894
-9.13927
-9.08387
-9.07188
-9.02834
-8.98532
-8.96149
-8.92092
-8.91072
-8.88848
-8.85195
-8.8115
-8.81076
-8.78217
-8.74337
-8.73553
-8.71111
-8.69968
-8.66785
-8.65312
-8.64277
-8.59526
-8.61849
-8.58747
-8.56979
-8.55757
-8.53405
-8.52675
-8.49208
-8.51499
-8.50532
-8.47052
-8.44977
-8.45191
-8.42442
-8.42222
-8.40268
-8.40514
-8.39389
-8.37586
-8.37124
-8.34284
-8.3464
-8.34141
-8.32288
-8.31459
-8.31508
-8.28853
-8.26899
-8.27716
-8.27001
-8.28602
-8.25245
-8.24065
-8.23959
-8.24012
-8.22844
-8.22148
-8.23748
-8.19864
-8.17555
-8.20767
-8.21203
-8.17695
-8.18172
-8.15133
-8.16508
-8.17273
-8.15335
-8.20111
-8.15823
-8.17245
-8.14119
-8.11791
-8.12859
-8.1699
-8.10651
-8.13681
-8.14177
-8.13388
-8.10651
-8.11223
-8.09834
-8.07683
-8.09255
-8.08979
-8.09712
-8.07247
-8.09803
-8.09132
-8.0956
-8.07059
-8.11103
-8.0901
-8.09346
-8.08086
-8.0901
-8.07496
-8.11313
-8.08271
-8.06934
-8.08024
-8.07807
-8.06997
-8.09316
-8.07683
-8.08086
-8.07931
-8.07153
-8.0684
-8.05261
-8.07527
-8.09925
-8.06369
-8.08024
-8.06589
-8.05643
-8.07309
-8.08549
-8.10046
-8.07869
-8.11253
-8.1047
-8.09499
-8.1044
-8.10742
-8.1044
-8.07558
-8.08795
-8.10531
-8.09864
-8.11761
-8.09864
-8.1038
-8.0861
-8.10802
-8.12622
-8.12296
-8.13212
-8.18619
-8.14468
-8.13447
-8.15277
-8.15076
-8.17386
-8.15507
-8.16479
-8.17611
-8.18172
-8.18451
-8.19202
-8.19726
-8.16962
-8.19699
-8.19533
-8.2695
-8.25635
-8.25764
-8.26204
-8.2802
-8.30127
-8.30127
-8.30053
-8.31214
-8.34498
-8.36893
-8.35749
-8.39389
-8.42398
-8.41671
-8.45276
-8.47136
-8.49392
-8.55237
-8.59896
-8.65574
-8.83754
-8.83754
-8.65574
-8.59896
-8.55237
-8.49392
-8.47136
-8.45276
-8.41671
-8.42398
-8.39389
-8.35749
-8.36893
-8.34498
-8.31214
-8.30053
-8.30127
-8.30127
-8.2802
-8.26204
-8.25764
-8.25635
-8.2695
-8.19533
-8.19699
-8.16962
-8.19726
-8.19202
-8.18451
-8.18172
-8.17611
-8.16479
-8.15507
-8.17386
-8.15076
-8.15277
-8.13447
-8.14468
-8.18619
-8.13212
-8.12296
-8.12622
-8.10802
-8.0861
-8.1038
-8.09864
-8.11761
-8.09864
-8.10531
-8.08795
-8.07558
-8.1044
-8.10742
-8.1044
-8.09499
-8.1047
-8.11253
-8.07869
-8.10046
-8.08549
-8.07309
-8.05643
-8.06589
-8.08024
-8.06369
-8.09925
-8.07527
-8.05261
-8.0684
-8.07153
-8.07931
-8.08086
-8.07683
-8.09316
-8.06997
-8.07807
-8.08024
-8.06934
-8.08271
-8.11313
-8.07496
-8.0901
-8.08086
-8.09346
-8.0901
-8.11103
-8.07059
-8.0956
-8.09132
-8.09803
-8.07247
-8.09712
-8.08979
-8.09255
-8.07683
-8.09834
-8.11223
-8.10651
-8.13388
-8.14177
-8.13681
-8.10651
-8.1699
-8.12859
-8.11791
-8.14119
-8.17245
-8.15823
-8.20111
-8.15335
-8.17273
-8.16508
-8.15133
-8.18172
-8.17695
-8.21203
-8.20767
-8.17555
-8.19864
-8.23748
-8.22148
-8.22844
-8.24012
-8.23959
-8.24065
-8.25245
-8.28602
-8.27001
-8.27716
-8.26899
-8.28853
-8.31508
-8.31459
-8.32288
-8.34141
-8.3464
-8.34284
-8.37124
-8.37586
-8.39389
-8.40514
-8.40268
-8.42222
-8.42442
-8.45191
-8.44977
-8.47052
-8.50532
-8.51499
-8.49208
-8.52675
-8.53405
-8.55757
-8.56979
-8.58747
-8.61849
-8.59526
-8.64277
-8.65312
-8.66785
-8.69968
-8.71111
-8.73553
-8.74337
-8.78217
-8.81076
-8.8115
-8.85195
-8.88848
-8.91072
-8.92092
-8.96149
-8.98532
-9.02834
-9.07188
-9.08387
-9.13927
-9.15894
-9.16858
-9.23181
-9.28536
-9.339
-9.38681
-9.43684
-9.48721
-9.54767
-9.59886
-9.68034
-9.73785
-9.82617
-9.93032
-10.0322
-10.1126
-10.2521
-10.4022
-10.5794
-10.7916
-11.0573
-11.4431
-12.0587
-17.1136
