-16.5785
-12.011
-11.4225
-11.0423
-10.7663
-10.5483
-10.3744
-10.2198
-10.0944
-9.97985
-9.86682
-9.77753
-9.69751
-9.62813
-9.56746
-9.50889
-9.43891
-9.39066
-9.33025
-9.27369
-9.23659
-9.18758
-9.14644
-9.11647
-9.07234
-9.04334
-8.99355
-8.94429
-8.93221
-8.90368
-8.86291
-8.84937
-8.83025
-8.81759
-8.77586
-8.73247
-8.72356
-8.68626
-8.66475
-8.6694
-8.64488
-8.61577
-8.60209
-8.60117
-8.57678
-8.54442
-8.52971
-8.50694
-8.49188
-8.47533
-8.50106
-8.45872
-8.45617
-8.42222
-8.39593
-8.38594
-8.37816
-8.37286
-8.3754
-8.36031
-8.32966
-8.32555
-8.2968
-8.30647
-8.29854
-8.29505
-8.27334
-8.26873
-8.28551
-8.26873
-8.24643
-8.22604
-8.21825
-8.22255
-8.19368
-8.17948
-8.22094
-8.19285
-8.16792
-8.1716
-8.13915
-8.14468
-8.14235
-8.12976
-8.13035
-8.10591
-8.07931
-8.10772
-8.13182
-8.11013
-8.11133
-8.11373
-8.09803
-8.07403
-8.09864
-8.09255
-8.09255
-8.05166
-8.11043
-8.05611
-8.07869
-8.06022
-8.06212
-8.01895
-8.05102
-8.04238
-8.03398
-8.04751
-8.03366
-8.04591
-8.03301
-8.03657
-7.99429
-8.03819
-8.01202
-8.01036
-7.98514
-8.00936
-7.99632
-7.99159
-8.00001
-8.03106
-8.01665
-7.9735
-8.03528
-7.97074
-7.96901
-7.98002
-8.00503
-8.0047
-8.02715
-8.02224
-7.99901
-7.99733
-8.014
-8.01202
-8.0206
-8.02846
-7.99261
-7.98956
-7.98956
-8.01102
-7.97968
-7.97797
-8.0077
-8.01698
-7.99125
-7.99497
-8.0057
-8.03398
-8.01764
-8.01334
-8.0278
-8.02584
-8.04943
-8.02878
-8.02552
-8.03431
-8.02388
-8.00936
-8.01961
-8.05833
-8.08055
-8.04398
-8.06212
-8.05484
-8.05738
-8.06306
-8.07683
-8.08641
-8.08795
-8.09651
-8.08549
-8.11761
-8.12385
-8.10561
-8.11432
-8.16195
-8.14177
-8.13535
-8.12593
-8.15794
-8.16052
-8.17273
-8.1934
-8.23111
-8.22175
-8.24801
-8.23111
-8.23669
-8.2802
-8.2769
-8.31017
-8.3542
-8.36171
-8.38229
-8.44312
-8.48032
-8.55063
-8.70963
-8.70963
-8.55063
-8.48032
-8.44312
-8.38229
-8.36171
-8.3542
-8.31017
-8.2769
-8.2802
-8.23669
-8.23111
-8.24801
-8.22175
-8.23111
-8.1934
-8.17273
-8.16052
-8.15794
-8.12593
-8.13535
-8.14177
-8.16195
-8.11432
-8.10561
-8.12385
-8.11761
-8.08549
-8.09651
-8.08795
-8.08641
-8.07683
-8.06306
-8.05738
-8.05484
-8.06212
-8.04398
-8.08055
-8.05833
-8.01961
-8.00936
-8.02388
-8.03431
-8.02552
-8.02878
-8.04943
-8.02584
-8.0278
-8.01334
-8.01764
-8.03398
-8.0057
-7.99497
-7.99125
-8.01698
-8.0077
-7.97797
-7.97968
-8.01102
-7.98956
-7.98956
-7.99261
-8.02846
-8.0206
-8.01202
-8.014
-7.99733
-7.99901
-8.02224
-8.02715
-8.0047
-8.00503
-7.98002
-7.96901
-7.97074
-8.03528
-7.9735
-8.01665
-8.03106
-8.00001
-7.99159
-7.99632
-8.00936
-7.98514
-8.01036
-8.01202
-8.03819
-7.99429
-8.03657
-8.03301
-8.04591
-8.03366
-8.04751
-8.03398
-8.04238
-8.05102
-8.01895
-8.06212
-8.06022
-8.07869
-8.05611
-8.11043
-8.05166
-8.09255
-8.09255
-8.09864
-8.07403
-8.09803
-8.11373
-8.11133
-8.11013
-8.13182
-8.10772
-8.07931
-8.10591
-8.13035
-8.12976
-8.14235
-8.14468
-8.13915
-8.1716
-8.16792
-8.19285
-8.22094
-8.17948
-8.19368
-8.22255
-8.21825
-8.22604
-8.24643
-8.26873
-8.28551
-8.26873
-8.27334
-8.29505
-8.29854
-8.30647
-8.2968
-8.32555
-8.32966
-8.36031
-8.3754
-8.37286
-8.37816
-8.38594
-8.39593
-8.42222
-8.45617
-8.45872
-8.50106
-8.47533
-8.49188
-8.50694
-8.52971
-8.54442
-8.57678
-8.60117
-8.60209
-8.61577
-8.64488
-8.6694
-8.66475
-8.68626
-8.72356
-8.73247
-8.77586
-8.81759
-8.83025
-8.84937
-8.86291
-8.90368
-8.93221
-8.94429
-8.99355
-9.04334
-9.07234
-9.11647
-9.14644
-9.18758
-9.23659
-9.27369
-9.33025
-9.39066
-9.43891
-9.50889
-9.56746
-9.62813
-9.69751
-9.77753
-9.86682
-9.97985
-10.0944
-10.2198
-10.3744
-10.5483
-10.7663
-11.0423
-11.4225
-12.011
-16.5785
