-16.4849
-11.9948
-11.4161
-11.0453
-10.7649
-10.5421
-10.3516
-10.214
-10.0813
-9.97189
-9.86433
-9.77815
-9.6857
-9.61046
-9.55492
-9.49288
-9.43748
-9.36786
-9.32821
-9.27388
-9.21483
-9.16952
-9.11954
-9.08648
-9.07624
-9.02184
-9.00491
-8.95027
-8.91825
-8.90626
-8.85324
-8.8413
-8.80762
-8.79361
-8.76343
-8.73134
-8.72729
-8.6898
-8.66682
-8.65921
-8.61287
-8.57848
-8.57904
-8.56998
-8.55333
-8.53287
-8.51899
-8.50876
-8.4659
-8.47991
-8.43858
-8.45574
-8.4288
-8.38092
-8.37309
-8.39208
-8.37032
-8.35232
-8.33759
-8.34546
-8.30992
-8.32045
-8.31752
-8.31017
-8.27767
-8.29555
-8.25946
-8.24774
-8.26924
-8.27995
-8.21609
-8.20111
-8.20686
-8.21717
-8.22121
-8.17667
-8.16792
-8.16792
-8.182
-8.1665
-8.19035
-8.11642
-8.14119
-8.15393
-8.09316
-8.12059
-8.10319
-8.0824
-8.12178
-8.09224
-8.07931
-8.07589
-8.04655
-8.06527
-8.07745
-8.05579
-8.08024
-8.03139
-8.04012
-8.04943
-8.02191
-8.06401
-8.02519
-8.06117
-8.04719
-8.0265
-8.04879
-8.05198
-8.00737
-8.00403
-7.9848
-7.98922
-8.01863
-8.02224
-8.00936
-7.95753
-8.00202
-7.9848
-7.99766
-7.97797
-7.99159
-7.97281
-8.00136
-7.97384
-7.98718
-7.95332
-7.97316
-7.97384
-7.96555
-7.97247
-7.99901
-7.99058
-7.92588
-7.95788
-7.95297
-7.95472
-8.02748
-7.97625
-7.97419
-8.00437
-7.99362
-7.99159
-7.9645
-7.99261
-8.00603
-8.00169
-7.99024
-7.9766
-7.97797
-8.00737
-7.98922
-7.95753
-8.01665
-8.01665
-8.03722
-7.98548
-8.03851
-8.01334
-8.03204
-8.0206
-8.01467
-8.04431
-8.02355
-8.02421
-8.06589
-8.0206
-8.02486
-8.06809
-8.02453
-8.05198
-8.07496
-8.05293
-8.07465
-8.07714
-8.0904
-8.07993
-8.08117
-8.09071
-8.09651
-8.11612
-8.14758
-8.147
-8.14642
-8.16451
-8.17188
-8.18368
-8.22309
-8.20303
-8.2169
-8.26075
-8.23907
-8.24801
-8.32845
-8.30425
-8.32869
-8.38069
-8.39367
-8.43685
-8.52417
-8.71457
-8.71457
-8.52417
-8.43685
-8.39367
-8.38069
-8.32869
-8.30425
-8.32845
-8.24801
-8.23907
-8.26075
-8.2169
-8.20303
-8.22309
-8.18368
-8.17188
-8.16451
-8.14642
-8.147
-8.14758
-8.11612
-8.09651
-8.09071
-8.08117
-8.07993
-8.0904
-8.07714
-8.07465
-8.05293
-8.07496
-8.05198
-8.02453
-8.06809
-8.02486
-8.0206
-8.06589
-8.02421
-8.02355
-8.04431
-8.01467
-8.0206
-8.03204
-8.01334
-8.03851
-7.98548
-8.03722
-8.01665
-8.01665
-7.95753
-7.98922
-8.00737
-7.97797
-7.9766
-7.99024
-8.00169
-8.00603
-7.99261
-7.9645
-7.99159
-7.99362
-8.00437
-7.97419
-7.97625
-8.02748
-7.95472
-7.95297
-7.95788
-7.92588
-7.99058
-7.99901
-7.97247
-7.96555
-7.97384
-7.97316
-7.95332
-7.98718
-7.97384
-8.00136
-7.97281
-7.99159
-7.97797
-7.99766
-7.9848
-8.00202
-7.95753
-8.00936
-8.02224
-8.01863
-7.98922
-7.9848
-8.00403
-8.00737
-8.05198
-8.04879
-8.0265
-8.04719
-8.06117
-8.02519
-8.06401
-8.02191
-8.04943
-8.04012
-8.03139
-8.08024
-8.05579
-8.07745
-8.06527
-8.04655
-8.07589
-8.07931
-8.09224
-8.12178
-8.0824
-8.10319
-8.12059
-8.09316
-8.15393
-8.14119
-8.11642
-8.19035
-8.1665
-8.182
-8.16792
-8.16792
-8.17667
-8.22121
-8.21717
-8.20686
-8.20111
-8.21609
-8.27995
-8.26924
-8.24774
-8.25946
-8.29555
-8.27767
-8.31017
-8.31752
-8.32045
-8.30992
-8.34546
-8.33759
-8.35232
-8.37032
-8.39208
-8.37309
-8.38092
-8.4288
-8.45574
-8.43858
-8.47991
-8.4659
-8.50876
-8.51899
-8.53287
-8.55333
-8.56998
-8.57904
-8.57848
-8.61287
-8.65921
-8.66682
-8.6898
-8.72729
-8.73134
-8.76343
-8.79361
-8.80762
-8.8413
-8.85324
-8.90626
-8.91825
-8.95027
-9.00491
-9.02184
-9.07624
-9.08648
-9.11954
-9.16952
-9.21483
-9.27388
-9.32821
-9.36786
-9.43748
-9.49288
-9.55492
-9.61046
-9.6857
-9.77815
-9.86433
-9.97189
-10.0813
-10.214
-10.3516
-10.5421
-10.7649
-11.0453
-11.4161
-11.9948
-16.4849
