-17.211
-12.0625
-11.4402
-11.0597
-10.7927
-10.5799
-10.4077
-10.2649
-10.1422
-10.0299
-9.92696
-9.82379
-9.75458
-9.6689
-9.63161
-9.5605
-9.49401
-9.42682
-9.37721
-9.33371
-9.30865
-9.24802
-9.21154
-9.16722
-9.13054
-9.09863
-9.04923
-9.03205
-9.00749
-8.97246
-8.94807
-8.89563
-8.87752
-8.84318
-8.84462
-8.81922
-8.80177
-8.76468
-8.7491
-8.70847
-8.71177
-8.70732
-8.68558
-8.63941
-8.62263
-8.61613
-8.60172
-8.57659
-8.55968
-8.55718
-8.53208
-8.52218
-8.50613
-8.4772
-8.46105
-8.46779
-8.44591
-8.40649
-8.44913
-8.41737
-8.40604
-8.41804
-8.40626
-8.3848
-8.36916
-8.35255
-8.35043
-8.35114
-8.34451
-8.32773
-8.29879
-8.28349
-8.29804
-8.2802
-8.26873
-8.24801
-8.24407
-8.25192
-8.26101
-8.20221
-8.2123
-8.25635
-8.22577
-8.2169
-8.17639
-8.22202
-8.21501
-8.18451
-8.2074
-8.18841
-8.18423
-8.2074
-8.15133
-8.1608
-8.19119
-8.16109
-8.17047
-8.12267
-8.1628
-8.13593
-8.12917
-8.14671
-8.12385
-8.14497
-8.12534
-8.11701
-8.11193
-8.12681
-8.0861
-8.0959
-8.09712
-8.07931
-8.14002
-8.09255
-8.09285
-8.07309
-8.10651
-8.13065
-8.0824
-8.11492
-8.1038
-8.07184
-8.04559
-8.08117
-8.06652
-8.05706
-8.08333
-8.0904
-8.08178
-8.09986
-8.09803
-8.08271
-8.08333
-8.10892
-8.07122
-8.08764
-8.0734
-8.079
-8.08733
-8.09316
-8.08795
-8.09407
-8.10892
-8.10772
-8.09377
-8.07962
-8.09529
-8.10289
-8.09925
-8.08764
-8.12622
-8.14873
-8.08733
-8.10349
-8.09682
-8.14177
-8.11821
-8.12504
-8.15306
-8.13359
-8.15191
-8.14584
-8.15018
-8.17188
-8.19285
-8.14061
-8.14119
-8.18869
-8.19174
-8.17695
-8.17667
-8.19202
-8.1699
-8.21528
-8.17976
-8.22924
-8.23483
-8.24801
-8.24643
-8.25687
-8.28551
-8.25661
-8.26282
-8.26616
-8.32118
-8.31728
-8.33399
-8.35561
-8.38913
-8.38913
-8.40649
-8.4253
-8.41538
-8.47449
-8.49556
-8.53385
-8.55853
-8.60722
-8.66613
-8.85009
-8.85009
-8.66613
-8.60722
-8.55853
-8.53385
-8.49556
-8.47449
-8.41538
-8.4253
-8.40649
-8.38913
-8.38913
-8.35561
-8.33399
-8.31728
-8.32118
-8.26616
-8.26282
-8.25661
-8.28551
-8.25687
-8.24643
-8.24801
-8.23483
-8.22924
-8.17976
-8.21528
-8.1699
-8.19202
-8.17667
-8.17695
-8.19174
-8.18869
-8.14119
-8.14061
-8.19285
-8.17188
-8.15018
-8.14584
-8.15191
-8.13359
-8.15306
-8.12504
-8.11821
-8.14177
-8.09682
-8.10349
-8.08733
-8.14873
-8.12622
-8.08764
-8.09925
-8.10289
-8.09529
-8.07962
-8.09377
-8.10772
-8.10892
-8.09407
-8.08795
-8.09316
-8.08733
-8.079
-8.0734
-8.08764
-8.07122
-8.10892
-8.08333
-8.08271
-8.09803
-8.09986
-8.08178
-8.0904
-8.08333
-8.05706
-8.06652
-8.08117
-8.04559
-8.07184
-8.1038
-8.11492
-8.0824
-8.13065
-8.10651
-8.07309
-8.09285
-8.09255
-8.14002
-8.07931
-8.09712
-8.0959
-8.0861
-8.12681
-8.11193
-8.11701
-8.12534
-8.14497
-8.12385
-8.14671
-8.12917
-8.13593
-8.1628
-8.12267
-8.17047
-8.16109
-8.19119
-8.1608
-8.15133
-8.2074
-8.18423
-8.18841
-8.2074
-8.18451
-8.21501
-8.22202
-8.17639
-8.2169
-8.22577
-8.25635
-8.2123
-8.20221
-8.26101
-8.25192
-8.24407
-8.24801
-8.26873
-8.2802
-8.29804
-8.28349
-8.29879
-8.32773
-8.34451
-8.35114
-8.35043
-8.35255
-8.36916
-8.3848
-8.40626
-8.41804
-8.40604
-8.41737
-8.44913
-8.40649
-8.44591
-8.46779
-8.46105
-8.4772
-8.50613
-8.52218
-8.53208
-8.55718
-8.55968
-8.57659
-8.60172
-8.61613
-8.62263
-8.63941
-8.68558
-8.70732
-8.71177
-8.70847
-8.7491
-8.76468
-8.80177
-8.81922
-8.84462
-8.84318
-8.87752
-8.89563
-8.94807
-8.97246
-9.00749
-9.03205
-9.04923
-9.09863
-9.13054
-9.16722
-9.21154
-9.24802
-9.30865
-9.33371
-9.37721
-9.42682
-9.49401
-9.5605
-9.63161
-9.6689
-9.75458
-9.82379
-9.92696
-10.0299
-10.1422
-10.2649
-10.4077
-10.5799
-10.7927
-11.0597
-11.4402
-12.0625
-17.211
