-15.9841
-11.8526
-11.3016
-10.936
-10.6857
-10.4828
-10.3031
-10.1554
-10.0307
-9.92559
-9.81809
-9.72508
-9.62516
-9.54588
-9.48918
-9.42165
-9.37772
-9.3081
-9.23747
-9.17813
-9.14974
-9.09426
-9.06958
-9.01797
-8.99454
-8.92917
-8.91838
-8.8778
-8.84448
-8.79558
-8.7924
-8.75463
-8.7167
-8.69199
-8.68355
-8.66544
-8.62191
-8.60392
-8.59785
-8.56312
-8.54169
-8.52099
-8.52178
-8.50309
-8.46905
-8.42046
-8.44998
-8.4231
-8.41161
-8.3754
-8.37332
-8.35185
-8.32773
-8.30746
-8.30697
-8.30623
-8.23827
-8.25739
-8.28425
-8.2388
-8.24144
-8.22497
-8.24565
-8.20001
-8.19589
-8.18924
-8.147
-8.13564
-8.15594
-8.15737
-8.13417
-8.1522
-8.11103
-8.11313
-8.0904
-8.11851
-8.0523
-8.09499
-8.08549
-8.04527
-8.06778
-8.04783
-8.06054
-7.98616
-8.0087
-7.99867
-8.03431
-8.00269
-7.99867
-8.00936
-8.01994
-7.95437
-7.97591
-8.00035
-7.94768
-7.93093
-7.97316
-7.95613
-7.96346
-7.97625
-7.91022
-7.95753
-7.92443
-7.95015
-7.9036
-7.91059
-7.91316
-7.92732
-7.91972
-7.87626
-7.8694
-7.95297
-7.88118
-7.87017
-7.91936
-7.85554
-7.87131
-7.8755
-7.89283
-7.86711
-7.88458
-7.89655
-7.84189
-7.88345
-7.87778
-7.85709
-7.86672
-7.82044
-7.86404
-7.85554
-7.88307
-7.88946
-7.85903
-7.83597
-7.85322
-7.86902
-7.89133
-7.86365
-7.86749
-7.87626
-7.87093
-7.8598
-7.86596
-7.86404
-7.87398
-7.87398
-7.86596
-7.87664
-7.86711
-7.89283
-7.8774
-7.87967
-7.90728
-7.8648
-7.90249
-7.89915
-7.86978
-7.87512
-7.84581
-7.89021
-7.84542
-7.92588
-7.88683
-7.89952
-7.9036
-7.88983
-7.9248
-7.92045
-7.92045
-7.94591
-7.94944
-7.98242
-7.9452
-7.95753
-7.96659
-7.92335
-7.9652
-8.01994
-8.02158
-7.97968
-8.01863
-8.01632
-8.02126
-8.04238
-8.06212
-8.06432
-8.09712
-8.07434
-8.10137
-8.08795
-8.10531
-8.14002
-8.09285
-8.16764
-8.21609
-8.23031
-8.24328
-8.29978
-8.33423
-8.52496
-8.52496
-8.33423
-8.29978
-8.24328
-8.23031
-8.21609
-8.16764
-8.09285
-8.14002
-8.10531
-8.08795
-8.10137
-8.07434
-8.09712
-8.06432
-8.06212
-8.04238
-8.02126
-8.01632
-8.01863
-7.97968
-8.02158
-8.01994
-7.9652
-7.92335
-7.96659
-7.95753
-7.9452
-7.98242
-7.94944
-7.94591
-7.92045
-7.92045
-7.9248
-7.88983
-7.9036
-7.89952
-7.88683
-7.92588
-7.84542
-7.89021
-7.84581
-7.87512
-7.86978
-7.89915
-7.90249
-7.8648
-7.90728
-7.87967
-7.8774
-7.89283
-7.86711
-7.87664
-7.86596
-7.87398
-7.87398
-7.86404
-7.86596
-7.8598
-7.87093
-7.87626
-7.86749
-7.86365
-7.89133
-7.86902
-7.85322
-7.83597
-7.85903
-7.88946
-7.88307
-7.85554
-7.86404
-7.82044
-7.86672
-7.85709
-7.87778
-7.88345
-7.84189
-7.89655
-7.88458
-7.86711
-7.89283
-7.8755
-7.87131
-7.85554
-7.91936
-7.87017
-7.88118
-7.95297
-7.8694
-7.87626
-7.91972
-7.92732
-7.91316
-7.91059
-7.9036
-7.95015
-7.92443
-7.95753
-7.91022
-7.97625
-7.96346
-7.95613
-7.97316
-7.93093
-7.94768
-8.00035
-7.97591
-7.95437
-8.01994
-8.00936
-7.99867
-8.00269
-8.03431
-7.99867
-8.0087
-7.98616
-8.06054
-8.04783
-8.06778
-8.04527
-8.08549
-8.09499
-8.0523
-8.11851
-8.0904
-8.11313
-8.11103
-8.1522
-8.13417
-8.15737
-8.15594
-8.13564
-8.147
-8.18924
-8.19589
-8.20001
-8.24565
-8.22497
-8.24144
-8.2388
-8.28425
-8.25739
-8.23827
-8.30623
-8.30697
-8.30746
-8.32773
-8.35185
-8.37332
-8.3754
-8.41161
-8.4231
-8.44998
-8.42046
-8.46905
-8.50309
-8.52178
-8.52099
-8.54169
-8.56312
-8.59785
-8.60392
-8.62191
-8.66544
-8.68355
-8.69199
-8.7167
-8.75463
-8.7924
-8.79558
-8.84448
-8.8778
-8.91838
-8.92917
-8.99454
-9.01797
-9.06958
-9.09426
-9.14974
-9.17813
-9.23747
-9.3081
-9.37772
-9.42165
-9.48918
-9.54588
-9.62516
-9.72508
-9.81809
-9.92559
-10.0307
-10.1554
-10.3031
-10.4828
-10.6857
-10.936
-11.3016
-11.8526
-15.9841
