-17.0609
-12.0524
-11.4312
-11.0603
-10.7818
-10.574
-10.3878
-10.2467
-10.121
-10.006
-9.90534
-9.82287
-9.75597
-9.66846
-9.6138
-9.53878
-9.48896
-9.43308
-9.37518
-9.31758
-9.26767
-9.22995
-9.18891
-9.15989
-9.13216
-9.08182
-9.04381
-9.00822
-8.97474
-8.95144
-8.93102
-8.89878
-8.85851
-8.83812
-8.81863
-8.78278
-8.76452
-8.74894
-8.73553
-8.71292
-8.7088
-8.68016
-8.64857
-8.6364
-8.59951
-8.59267
-8.58129
-8.56636
-8.56732
-8.54032
-8.54111
-8.50391
-8.50815
-8.48364
-8.47324
-8.43512
-8.45638
-8.43251
-8.42266
-8.40671
-8.39072
-8.39863
-8.37862
-8.35679
-8.36544
-8.33303
-8.33255
-8.33086
-8.3114
-8.3114
-8.30647
-8.26539
-8.28853
-8.28046
-8.28198
-8.23616
-8.26101
-8.26565
-8.23774
-8.22416
-8.21311
-8.21338
-8.21717
-8.21771
-8.21121
-8.20385
-8.20084
-8.19561
-8.16052
-8.18284
-8.12711
-8.1792
-8.10712
-8.14352
-8.15823
-8.15594
-8.13329
-8.11283
-8.13153
-8.12947
-8.10802
-8.10168
-8.14032
-8.13153
-8.12859
-8.08795
-8.06558
-8.1191
-8.0959
-8.07247
-8.10198
-8.0684
-8.10651
-8.10077
-8.0901
-8.05959
-8.0762
-8.05801
-8.08209
-8.06149
-8.0398
-8.08209
-8.04109
-8.07091
-8.0427
-8.09163
-8.03625
-8.05738
-8.05991
-8.09621
-8.06872
-8.09895
-8.08764
-8.06589
-8.0523
-8.04911
-8.09377
-8.05959
-8.06464
-8.07683
-8.12207
-8.08148
-8.05611
-8.08764
-8.0684
-8.05959
-8.09925
-8.08918
-8.08487
-8.09102
-8.07122
-8.09895
-8.09193
-8.08055
-8.11343
-8.09895
-8.08979
-8.09773
-8.11701
-8.11552
-8.10953
-8.11283
-8.14816
-8.14584
-8.15737
-8.10772
-8.13388
-8.17273
-8.19478
-8.15708
-8.19671
-8.19091
-8.20631
-8.19781
-8.19119
-8.19946
-8.20276
-8.21148
-8.22871
-8.2255
-8.25401
-8.25816
-8.26359
-8.26539
-8.31238
-8.32166
-8.2963
-8.32893
-8.33974
-8.32531
-8.38594
-8.38845
-8.40738
-8.44977
-8.46443
-8.50005
-8.52397
-8.57641
-8.63159
-8.8282
-8.8282
-8.63159
-8.57641
-8.52397
-8.50005
-8.46443
-8.44977
-8.40738
-8.38845
-8.38594
-8.32531
-8.33974
-8.32893
-8.2963
-8.32166
-8.31238
-8.26539
-8.26359
-8.25816
-8.25401
-8.2255
-8.22871
-8.21148
-8.20276
-8.19946
-8.19119
-8.19781
-8.20631
-8.19091
-8.19671
-8.15708
-8.19478
-8.17273
-8.13388
-8.10772
-8.15737
-8.14584
-8.14816
-8.11283
-8.10953
-8.11552
-8.11701
-8.09773
-8.08979
-8.09895
-8.11343
-8.08055
-8.09193
-8.09895
-8.07122
-8.09102
-8.08487
-8.08918
-8.09925
-8.05959
-8.0684
-8.08764
-8.05611
-8.08148
-8.12207
-8.07683
-8.06464
-8.05959
-8.09377
-8.04911
-8.0523
-8.06589
-8.08764
-8.09895
-8.06872
-8.09621
-8.05991
-8.05738
-8.03625
-8.09163
-8.0427
-8.07091
-8.04109
-8.08209
-8.0398
-8.06149
-8.08209
-8.05801
-8.0762
-8.05959
-8.0901
-8.10077
-8.10651
-8.0684
-8.10198
-8.07247
-8.0959
-8.1191
-8.06558
-8.08795
-8.12859
-8.13153
-8.14032
-8.10168
-8.10802
-8.12947
-8.13153
-8.11283
-8.13329
-8.15594
-8.15823
-8.14352
-8.10712
-8.1792
-8.12711
-8.18284
-8.16052
-8.19561
-8.20084
-8.20385
-8.21121
-8.21771
-8.21717
-8.21338
-8.21311
-8.22416
-8.23774
-8.26565
-8.26101
-8.23616
-8.28198
-8.28046
-8.28853
-8.26539
-8.30647
-8.3114
-8.3114
-8.33086
-8.33255
-8.33303
-8.36544
-8.35679
-8.37862
-8.39863
-8.39072
-8.40671
-8.42266
-8.43251
-8.45638
-8.43512
-8.47324
-8.48364
-8.50815
-8.50391
-8.54111
-8.54032
-8.56732
-8.56636
-8.58129
-8.59267
-8.59951
-8.6364
-8.64857
-8.68016
-8.7088
-8.71292
-8.73553
-8.74894
-8.76452
-8.78278
-8.81863
-8.83812
-8.85851
-8.89878
-8.93102
-8.95144
-8.97474
-9.00822
-9.04381
-9.08182
-9.13216
-9.15989
-9.18891
-9.22995
-9.26767
-9.31758
-9.37518
-9.43308
-9.48896
-9.53878
-9.6138
-9.66846
-9.75597
-9.82287
-9.90534
-10.006
-10.121
-10.2467
-10.3878
-10.574
-10.7818
-11.0603
-11.4312
-12.0524
-17.0609
