-17.14
-12.6292
-12.069
-11.7084
-11.4316
-11.2192
-11.0251
-10.862
-10.7252
-10.6056
-10.4786
-10.3834
-10.2904
-10.2108
-10.0971
-10.0475
-9.97241
-9.89772
-9.84177
-9.786
-9.75534
-9.68819
-9.6416
-9.59021
-9.56114
-9.50644
-9.47685
-9.45509
-9.41312
-9.37467
-9.34417
-9.31263
-9.3138
-9.26103
-9.23757
-9.1884
-9.19462
-9.16262
-9.1411
-9.12031
-9.08262
-9.07704
-9.04923
-9.01954
-9.02232
-9.00319
-8.97234
-8.95661
-8.9422
-8.92292
-8.89289
-8.87682
-8.87277
-8.84333
-8.82937
-8.82967
-8.81507
-8.79981
-8.79346
-8.74926
-8.76842
-8.72664
-8.7456
-8.72826
-8.70334
-8.7088
-8.68963
-8.69951
-8.67897
-8.66043
-8.65225
-8.64997
-8.64347
-8.6183
-8.61414
-8.62533
-8.61613
-8.61032
-8.57092
-8.57866
-8.58186
-8.57452
-8.57301
-8.56922
-8.52912
-8.54714
-8.54559
-8.51278
-8.53031
-8.53503
-8.52457
-8.49556
-8.52794
-8.50411
-8.51218
-8.49413
-8.51138
-8.49658
-8.50694
-8.49433
-8.47762
-8.47637
-8.48032
-8.47991
-8.48281
-8.44398
-8.43011
-8.45148
-8.45999
-8.4602
-8.47366
-8.42792
-8.43728
-8.44527
-8.43316
-8.46274
-8.43707
-8.46062
-8.4457
-8.46464
-8.45659
-8.4487
-8.42661
-8.44269
-8.41759
-8.42508
-8.40604
-8.43446
-8.42486
-8.43011
-8.46737
-8.44398
-8.43164
-8.46041
-8.44891
-8.45935
-8.46253
-8.46189
-8.42398
-8.45956
-8.46041
-8.45659
-8.4429
-8.45084
-8.43902
-8.4362
-8.44784
-8.41183
-8.45191
-8.43598
-8.42574
-8.42332
-8.40514
-8.39231
-8.42442
-8.43425
-8.41161
-8.4231
-8.40492
-8.42376
-8.42376
-8.4288
-8.42398
-8.38503
-8.42332
-8.40581
-8.4105
-8.43425
-8.38981
-8.40268
-8.40649
-8.41383
-8.41272
-8.41936
-8.42266
-8.41405
-8.42967
-8.43577
-8.43098
-8.43858
-8.40805
-8.42486
-8.4502
-8.45191
-8.47178
-8.43988
-8.45766
-8.47094
-8.47387
-8.48508
-8.4976
-8.50997
-8.52019
-8.51899
-8.52417
-8.55699
-8.60245
-8.57772
-8.62047
-8.69718
-8.67231
-8.57754
-8.52912
-8.49679
-8.47533
-8.45041
-8.41361
-8.41582
-8.3717
-8.38594
-8.3717
-8.37977
-8.3542
-8.32312
-8.28172
-8.32264
-8.30918
-8.27563
-8.26101
-8.25505
-8.27792
-8.26411
-8.24879
-8.24879
-8.21311
-8.21067
-8.20985
-8.21419
-8.19395
-8.20303
-8.20795
-8.17329
-8.18563
-8.17245
-8.14845
-8.17892
-8.15133
-8.1682
-8.19368
-8.1699
-8.15995
-8.13447
-8.13329
-8.14642
-8.14845
-8.11701
-8.11343
-8.11163
-8.16309
-8.10742
-8.13856
-8.13593
-8.10137
-8.12534
-8.11761
-8.11552
-8.1041
-8.09743
-8.09102
-8.07153
-8.07216
-8.10591
-8.11313
-8.10501
-8.09743
-8.08055
-8.08918
-8.08271
-8.08395
-8.1041
-8.0427
-8.05452
-8.07091
-8.06495
-8.04847
-8.06684
-8.0369
-8.07184
-8.07278
-8.07807
-8.07309
-8.07028
-8.0959
-8.06997
-8.07059
-8.05611
-8.11163
-8.06086
-8.0398
-8.11313
-8.06527
-8.09132
-8.06966
-8.06589
-8.05864
-8.09925
-8.11612
-8.09895
-8.0959
-8.11522
-8.12148
-8.11522
-8.09834
-8.1044
-8.09712
-8.11821
-8.14468
-8.12237
-8.12148
-8.13535
-8.14989
-8.1371
-8.14206
-8.13623
-8.15335
-8.11701
-8.16309
-8.1665
-8.15191
-8.15249
-8.18479
-8.17498
-8.20576
-8.19035
-8.17864
-8.21933
-8.20658
-8.22229
-8.20495
-8.20604
-8.22443
-8.24565
-8.24565
-8.23164
-8.24905
-8.26101
-8.29029
-8.26796
-8.31606
-8.28728
-8.29605
-8.31312
-8.31606
-8.33663
-8.34379
-8.34451
-8.38389
-8.38137
-8.37724
-8.39322
-8.42244
-8.42814
-8.40626
-8.43923
-8.46527
-8.47804
-8.47679
-8.50147
-8.51118
-8.52774
-8.55699
-8.54617
-8.60868
-8.61414
-8.61722
-8.66025
-8.67163
-8.70913
-8.73053
-8.71111
-8.73004
-8.76014
-8.80222
-8.82644
-8.83841
-8.87557
-8.8817
-8.93432
-8.96303
-9.01797
-9.04133
-9.08239
-9.11118
-9.17885
-9.23679
-9.26861
-9.34049
-9.39947
-9.46846
-9.51746
-9.60495
-9.69566
-9.79351
-9.9251
-10.0491
-10.2153
-10.4335
-10.7205
-11.1767
-13.6196
