-16.5949
-12.3465
-11.8159
-11.4653
-11.2174
-11.0141
-10.8507
-10.7047
-10.5757
-10.4672
-10.3626
-10.2651
-10.1777
-10.0977
-10.0371
-9.96416
-9.89767
-9.84156
-9.77639
-9.72735
-9.68272
-9.61887
-9.58658
-9.53517
-9.48197
-9.4572
-9.39864
-9.37356
-9.33697
-9.29054
-9.26464
-9.2321
-9.20079
-9.18441
-9.13616
-9.11008
-9.08727
-9.05777
-9.0431
-9.01384
-9.00565
-8.95248
-8.94011
-8.90178
-8.88751
-8.8764
-8.84116
-8.85752
-8.81952
-8.81329
-8.80222
-8.74401
-8.74672
-8.75794
-8.72046
-8.73633
-8.69266
-8.68237
-8.67009
-8.66596
-8.66561
-8.62551
-8.63088
-8.62981
-8.62623
-8.61758
-8.58429
-8.54597
-8.58129
-8.57735
-8.53641
-8.52119
-8.52536
-8.53523
-8.49944
-8.4929
-8.52774
-8.48529
-8.4797
-8.44699
-8.46358
-8.44613
-8.43728
-8.43251
-8.44096
-8.43425
-8.43446
-8.4253
-8.4029
-8.38023
-8.42945
-8.3948
-8.38343
-8.37563
-8.34996
-8.36451
-8.36334
-8.35232
-8.35114
-8.33998
-8.34972
-8.35913
-8.34806
-8.34664
-8.2918
-8.33135
-8.35538
-8.34546
-8.32603
-8.3589
-8.31189
-8.3082
-8.3202
-8.31434
-8.31777
-8.28248
-8.3035
-8.29405
-8.30524
-8.2958
-8.31825
-8.28753
-8.27919
-8.28753
-8.26153
-8.29155
-8.30028
-8.30078
-8.31483
-8.31801
-8.27232
-8.31581
-8.28147
-8.29779
-8.2933
-8.30425
-8.29953
-8.29929
-8.31238
-8.30548
-8.29305
-8.27385
-8.28753
-8.29004
-8.30375
-8.28551
-8.2928
-8.27538
-8.28122
-8.30771
-8.28879
-8.27359
-8.2695
-8.28425
-8.27665
-8.28274
-8.28627
-8.23058
-8.27817
-8.2514
-8.28703
-8.27995
-8.27334
-8.23138
-8.2943
-8.27001
-8.2579
-8.26436
-8.28198
-8.28778
-8.27027
-8.29854
-8.27232
-8.27665
-8.28652
-8.25583
-8.2943
-8.2923
-8.27232
-8.30573
-8.29953
-8.3035
-8.29754
-8.29054
-8.33135
-8.32337
-8.31923
-8.34332
-8.35585
-8.36753
-8.35632
-8.36241
-8.38092
-8.3914
-8.41759
-8.41139
-8.43966
-8.46758
-8.48591
-8.6074
-8.56751
-8.47031
-8.40335
-8.36939
-8.36474
-8.3483
-8.32142
-8.29804
-8.28299
-8.27436
-8.25946
-8.25868
-8.22764
-8.182
-8.21175
-8.19451
-8.16508
-8.18924
-8.18368
-8.16962
-8.13915
-8.17527
-8.16252
-8.12917
-8.11582
-8.11672
-8.12118
-8.12296
-8.128
-8.08856
-8.12563
-8.08271
-8.10016
-8.06338
-8.06558
-8.0959
-8.01367
-8.0901
-8.05198
-8.06684
-8.02552
-8.06275
-8.02748
-8.04527
-8.02519
-8.04302
-8.03528
-8.02453
-8.02093
-8.01961
-8.02682
-8.03463
-8.02027
-8.02191
-8.00703
-8.01566
-7.99193
-8.00903
-8.03463
-8.02486
-8.02224
-8.00136
-8.00001
-7.9899
-8.0047
-7.99328
-7.99193
-7.99092
-8.01334
-7.95507
-8.00068
-8.01102
-7.99598
-7.98412
-7.94378
-7.96555
-7.97763
-7.9899
-7.98854
-8.02519
-7.96624
-7.99598
-7.97865
-8.02846
-7.98037
-8.01632
-8.01467
-8.00637
-7.99834
-8.01467
-8.0369
-8.02486
-8.03496
-8.04238
-8.00303
-7.98616
-8.04687
-8.00637
-8.06934
-8.06022
-8.01895
-8.03916
-8.0265
-8.04911
-8.06621
-8.03916
-8.03041
-8.0734
-8.04141
-8.09102
-8.04751
-8.05706
-8.05991
-8.09468
-8.06464
-8.11432
-8.07931
-8.08825
-8.0861
-8.07838
-8.10289
-8.14671
-8.12593
-8.14902
-8.13006
-8.14845
-8.1699
-8.16451
-8.14235
-8.15076
-8.19644
-8.1792
-8.18758
-8.18619
-8.22657
-8.21501
-8.24302
-8.19781
-8.23616
-8.21717
-8.23403
-8.25946
-8.25505
-8.26668
-8.28198
-8.31654
-8.30548
-8.33687
-8.33399
-8.37078
-8.36707
-8.34996
-8.39818
-8.37008
-8.41117
-8.42945
-8.40156
-8.47199
-8.45319
-8.50997
-8.5035
-8.51819
-8.53778
-8.57263
-8.56446
-8.57659
-8.6433
-8.62065
-8.64805
-8.67863
-8.71325
-8.72794
-8.76966
-8.78125
-8.81537
-8.86376
-8.87975
-8.91543
-8.91892
-8.97715
-9.01554
-9.06381
-9.09773
-9.1562
-9.19116
-9.24551
-9.28684
-9.36828
-9.43907
-9.49815
-9.57582
-9.66199
-9.77855
-9.89998
-10.0355
-10.2029
-10.4236
-10.7081
-11.1784
-13.7061
