-17.3342
-12.6796
-12.1083
-11.7363
-11.4492
-11.2211
-11.0212
-10.8528
-10.7088
-10.5816
-10.4636
-10.3612
-10.2704
-10.1806
-10.1093
-10.0331
-9.96444
-9.9123
-9.84475
-9.7939
-9.74537
-9.69369
-9.65014
-9.60137
-9.57679
-9.52559
-9.49815
-9.43819
-9.41312
-9.39291
-9.34592
-9.31082
-9.28934
-9.28145
-9.23659
-9.19999
-9.20854
-9.1717
-9.14142
-9.1238
-9.11702
-9.08342
-9.05521
-9.04817
-9.00896
-9.007
-8.97942
-8.97094
-8.96495
-8.94259
-8.9293
-8.90761
-8.88917
-8.86602
-8.86178
-8.83434
-8.85993
-8.82453
-8.81225
-8.81937
-8.76327
-8.78048
-8.77493
-8.72762
-8.75242
-8.71424
-8.7247
-8.70218
-8.69918
-8.6935
-8.70317
-8.64647
-8.6718
-8.66906
-8.64594
-8.63711
-8.65504
-8.64136
-8.59137
-8.62945
-8.59249
-8.61341
-8.58691
-8.61541
-8.57301
-8.58429
-8.56121
-8.55391
-8.55949
-8.55757
-8.53974
-8.54384
-8.52833
-8.52119
-8.52039
-8.52695
-8.52774
-8.52516
-8.49719
-8.51379
-8.48239
-8.48859
-8.51359
-8.52675
-8.48921
-8.49167
-8.49515
-8.4855
-8.47575
-8.48032
-8.46926
-8.47804
-8.48653
-8.48818
-8.4659
-8.49433
-8.46695
-8.46674
-8.464
-8.4701
-8.477
-8.48446
-8.44656
-8.48053
-8.45383
-8.46548
-8.45489
-8.47031
-8.49064
-8.46464
-8.47115
-8.49699
-8.46083
-8.50593
-8.51178
-8.4747
-8.4602
-8.46821
-8.49229
-8.48115
-8.48818
-8.46105
-8.44913
-8.45617
-8.47449
-8.46083
-8.47533
-8.46274
-8.44998
-8.46337
-8.4388
-8.43837
-8.42705
-8.46989
-8.44031
-8.44956
-8.43512
-8.44849
-8.42046
-8.4487
-8.4388
-8.44139
-8.44913
-8.44998
-8.47052
-8.44462
-8.42661
-8.46737
-8.44462
-8.44398
-8.47928
-8.44634
-8.45681
-8.44333
-8.45425
-8.45596
-8.45447
-8.46968
-8.45766
-8.44998
-8.47282
-8.46779
-8.46358
-8.49003
-8.50451
-8.50613
-8.50147
-8.51037
-8.49556
-8.50472
-8.53758
-8.54578
-8.53778
-8.55853
-8.56427
-8.59082
-8.59044
-8.59693
-8.66458
-8.7559
-8.71997
-8.59378
-8.55256
-8.52635
-8.51138
-8.47928
-8.45638
-8.45233
-8.42266
-8.42332
-8.41605
-8.38708
-8.3777
-8.35043
-8.33974
-8.35303
-8.32652
-8.32045
-8.31361
-8.28879
-8.28526
-8.29929
-8.25166
-8.2948
-8.24144
-8.26488
-8.27716
-8.22282
-8.2467
-8.25036
-8.22951
-8.22443
-8.20522
-8.2104
-8.15651
-8.21338
-8.19699
-8.19008
-8.1792
-8.17611
-8.1898
-8.15823
-8.18507
-8.1441
-8.13359
-8.19063
-8.1496
-8.15018
-8.13564
-8.1194
-8.13241
-8.13006
-8.12859
-8.11731
-8.09224
-8.14323
-8.12385
-8.1191
-8.14119
-8.13476
-8.10259
-8.10319
-8.10531
-8.12976
-8.09529
-8.12593
-8.11731
-8.11163
-8.10862
-8.10772
-8.12504
-8.09132
-8.08918
-8.0618
-8.08887
-8.07931
-8.0861
-8.07931
-8.12711
-8.08948
-8.09377
-8.09651
-8.10016
-8.0762
-8.08518
-8.10892
-8.12237
-8.09773
-8.10016
-8.09803
-8.12029
-8.07869
-8.10531
-8.07434
-8.08948
-8.10319
-8.12888
-8.12267
-8.11283
-8.10682
-8.13212
-8.13212
-8.11612
-8.12267
-8.14931
-8.10651
-8.15364
-8.14758
-8.15133
-8.14352
-8.17667
-8.13973
-8.16735
-8.14294
-8.16735
-8.16223
-8.20221
-8.17892
-8.16451
-8.17498
-8.21094
-8.18591
-8.22657
-8.20495
-8.21203
-8.22764
-8.2123
-8.24012
-8.22336
-8.26204
-8.24355
-8.23669
-8.26796
-8.2623
-8.28803
-8.30152
-8.28198
-8.30053
-8.31899
-8.31606
-8.32966
-8.36404
-8.31874
-8.37078
-8.33351
-8.35843
-8.38913
-8.39751
-8.40313
-8.4362
-8.41272
-8.45404
-8.41804
-8.45383
-8.48032
-8.46863
-8.50005
-8.51699
-8.52912
-8.54811
-8.5541
-8.56846
-8.59174
-8.62407
-8.60043
-8.658
-8.68372
-8.67077
-8.71325
-8.73585
-8.74751
-8.76593
-8.78493
-8.83696
-8.85538
-8.90531
-8.92798
-8.93879
-8.96954
-9.00884
-9.05486
-9.08682
-9.15705
-9.18235
-9.23014
-9.29183
-9.32972
-9.40541
-9.45329
-9.50458
-9.59192
-9.6956
-9.78886
-9.91902
-10.049
-10.213
-10.4433
-10.7225
-11.1675
-13.5989
