-16.8108
-12.4494
-11.9057
-11.5552
-11.2972
-11.0982
-10.9178
-10.7679
-10.639
-10.5245
-10.4111
-10.3163
-10.2211
-10.1495
-10.0778
-10.0062
-9.92403
-9.86625
-9.80101
-9.74999
-9.69726
-9.65644
-9.60703
-9.55116
-9.50249
-9.48615
-9.4294
-9.37585
-9.36272
-9.32883
-9.2736
-9.26217
-9.21354
-9.19695
-9.1806
-9.11877
-9.13173
-9.09077
-9.06728
-9.04876
-9.01627
-8.99875
-8.98895
-8.9736
-8.95931
-8.91999
-8.90041
-8.89041
-8.8778
-8.85252
-8.84174
-8.81878
-8.81255
-8.78905
-8.7814
-8.74878
-8.74926
-8.72697
-8.72859
-8.71522
-8.68812
-8.68288
-8.66561
-8.68118
-8.66423
-8.63586
-8.63657
-8.61341
-8.61287
-8.61396
-8.59063
-8.57641
-8.5732
-8.54403
-8.53169
-8.54695
-8.53523
-8.537
-8.53464
-8.51319
-8.4976
-8.48177
-8.48653
-8.47533
-8.47741
-8.45169
-8.43642
-8.4701
-8.48011
-8.45361
-8.46779
-8.44977
-8.43728
-8.4349
-8.40559
-8.43642
-8.42376
-8.39886
-8.41205
-8.37724
-8.40537
-8.39435
-8.4105
-8.39638
-8.38959
-8.36962
-8.35326
-8.40939
-8.39004
-8.40133
-8.34972
-8.37678
-8.3509
-8.3848
-8.35843
-8.35632
-8.36171
-8.35491
-8.35185
-8.35067
-8.3596
-8.38046
-8.33687
-8.35067
-8.35796
-8.33327
-8.35397
-8.34901
-8.35585
-8.34498
-8.35984
-8.37632
-8.37908
-8.39299
-8.39548
-8.3905
-8.37448
-8.39638
-8.33807
-8.36334
-8.34972
-8.34022
-8.33327
-8.34996
-8.36218
-8.32652
-8.35137
-8.32942
-8.35867
-8.3509
-8.35043
-8.33062
-8.35255
-8.34806
-8.33759
-8.32821
-8.34165
-8.35609
-8.30795
-8.31238
-8.33423
-8.3542
-8.34165
-8.32555
-8.33567
-8.33279
-8.30326
-8.33399
-8.3395
-8.32579
-8.33974
-8.33878
-8.30474
-8.32797
-8.36451
-8.35913
-8.34593
-8.34688
-8.34664
-8.34759
-8.35749
-8.36241
-8.38366
-8.37378
-8.3816
-8.37793
-8.39004
-8.41427
-8.39976
-8.40849
-8.4156
-8.4105
-8.43966
-8.44934
-8.47157
-8.48941
-8.51459
-8.53366
-8.56827
-8.63284
-8.60355
-8.51999
-8.47303
-8.45489
-8.41405
-8.37194
-8.38183
-8.35491
-8.31041
-8.33327
-8.29854
-8.30375
-8.2968
-8.27053
-8.27053
-8.21771
-8.20686
-8.23403
-8.21392
-8.18004
-8.20139
-8.19063
-8.19119
-8.17583
-8.16707
-8.17948
-8.16423
-8.1441
-8.1628
-8.14931
-8.17808
-8.13359
-8.14032
-8.1188
-8.11283
-8.11373
-8.10712
-8.11642
-8.10016
-8.09132
-8.06086
-8.08948
-8.08918
-8.0904
-8.0901
-8.09743
-8.08887
-8.06934
-8.0398
-8.05674
-8.04847
-8.07589
-8.03073
-8.05007
-8.04045
-8.06275
-8.03593
-8.04077
-8.05991
-8.04366
-8.06652
-8.04975
-8.05833
-8.0762
-8.06401
-8.05325
-8.02748
-8.03496
-8.03204
-8.04012
-8.03722
-8.01863
-8.04559
-8.00136
-8.0206
-8.0265
-8.01698
-8.04431
-8.06934
-8.03073
-8.01268
-8.02748
-8.04077
-8.00269
-8.05484
-8.06527
-8.05991
-8.02158
-8.07434
-8.02911
-8.05928
-8.06306
-8.05896
-8.04527
-8.04943
-8.09132
-8.04463
-8.09468
-8.05452
-8.05611
-8.05959
-8.07652
-8.04141
-8.07028
-8.07216
-8.09132
-8.07745
-8.08086
-8.09407
-8.08641
-8.09925
-8.1191
-8.08764
-8.09651
-8.09803
-8.11642
-8.12029
-8.08518
-8.09499
-8.1188
-8.10983
-8.17301
-8.15162
-8.17498
-8.14671
-8.16764
-8.15047
-8.19561
-8.19533
-8.20795
-8.24012
-8.21474
-8.19616
-8.22094
-8.24197
-8.23004
-8.27027
-8.21933
-8.27944
-8.24144
-8.28803
-8.30177
-8.28096
-8.31263
-8.29779
-8.32627
-8.33591
-8.34236
-8.36054
-8.37263
-8.39548
-8.38686
-8.40849
-8.39728
-8.44891
-8.43837
-8.45766
-8.48322
-8.49923
-8.5035
-8.52198
-8.52556
-8.58336
-8.56636
-8.58054
-8.63462
-8.62425
-8.6533
-8.66751
-8.68896
-8.71604
-8.74957
-8.75068
-8.79966
-8.83215
-8.85209
-8.90463
-8.90273
-8.9675
-8.98519
-9.01554
-9.0728
-9.10476
-9.14761
-9.21204
-9.26246
-9.30865
-9.37229
-9.44431
-9.51458
-9.60353
-9.68626
-9.77514
-9.91606
-10.0458
-10.2034
-10.4227
-10.7123
-11.1766
-13.6709
