-16.9041
-12.489
-11.9463
-11.5928
-11.3291
-11.1254
-10.9464
-10.7885
-10.6591
-10.5441
-10.4366
-10.3365
-10.2463
-10.1498
-10.0769
-9.99474
-9.93411
-9.86376
-9.81531
-9.75481
-9.70278
-9.63593
-9.60421
-9.56149
-9.50092
-9.4806
-9.43148
-9.38723
-9.37186
-9.34819
-9.2861
-9.26993
-9.24658
-9.22069
-9.1885
-9.15852
-9.13108
-9.10986
-9.08398
-9.07085
-9.07119
-9.00822
-8.99578
-8.99727
-8.95905
-8.92758
-8.89316
-8.90069
-8.87389
-8.86715
-8.85965
-8.83405
-8.82247
-8.80717
-8.78981
-8.78232
-8.75888
-8.75179
-8.74942
-8.70334
-8.7126
-8.68795
-8.67197
-8.67573
-8.65765
-8.64118
-8.62873
-8.63604
-8.63923
-8.61341
-8.59656
-8.59914
-8.58635
-8.55661
-8.58466
-8.5591
-8.54384
-8.56579
-8.50512
-8.52238
-8.51499
-8.50249
-8.52734
-8.52635
-8.47928
-8.47991
-8.49923
-8.47408
-8.45766
-8.4602
-8.468
-8.4502
-8.43837
-8.42792
-8.4198
-8.43425
-8.43685
-8.43272
-8.41826
-8.40827
-8.43076
-8.43446
-8.40716
-8.41936
-8.40133
-8.40983
-8.40268
-8.37008
-8.37563
-8.39863
-8.39841
-8.41383
-8.39322
-8.37793
-8.38389
-8.38777
-8.39435
-8.37839
-8.39254
-8.36521
-8.37977
-8.36101
-8.37008
-8.3589
-8.36985
-8.36077
-8.38617
-8.37355
-8.36846
-8.39593
-8.36567
-8.37839
-8.36194
-8.38913
-8.39208
-8.39683
-8.41161
-8.36939
-8.39886
-8.37217
-8.38412
-8.38845
-8.3816
-8.35303
-8.37862
-8.35561
-8.37309
-8.39954
-8.35255
-8.35913
-8.36707
-8.36147
-8.36054
-8.3464
-8.35538
-8.34783
-8.35397
-8.37908
-8.34474
-8.31164
-8.36264
-8.37494
-8.36241
-8.3509
-8.38229
-8.33038
-8.31947
-8.33807
-8.37286
-8.34474
-8.34236
-8.36171
-8.34046
-8.37147
-8.33279
-8.36264
-8.35867
-8.38503
-8.39186
-8.388
-8.36869
-8.37724
-8.38114
-8.38822
-8.41383
-8.41405
-8.42924
-8.45233
-8.41228
-8.42354
-8.45383
-8.47199
-8.49311
-8.47866
-8.48859
-8.51138
-8.53562
-8.55814
-8.57035
-8.64945
-8.64611
-8.51919
-8.48488
-8.45489
-8.46168
-8.41005
-8.35538
-8.39548
-8.34546
-8.34022
-8.30623
-8.32531
-8.31041
-8.29455
-8.27053
-8.28046
-8.25816
-8.22844
-8.22791
-8.22764
-8.21392
-8.22363
-8.21663
-8.16905
-8.19836
-8.14873
-8.1716
-8.1778
-8.18368
-8.1545
-8.14584
-8.18451
-8.14148
-8.09255
-8.12534
-8.14989
-8.11283
-8.14032
-8.13827
-8.10742
-8.09803
-8.10137
-8.09255
-8.08579
-8.12859
-8.08979
-8.08024
-8.08148
-8.08764
-8.08549
-8.06684
-8.07931
-8.05134
-8.08764
-8.04943
-8.06997
-8.05484
-8.06621
-8.0542
-8.02943
-8.04045
-8.09255
-8.04815
-8.04911
-8.03593
-8.01994
-7.99362
-8.03268
-8.06966
-8.04431
-8.07931
-8.03916
-8.03398
-8.03625
-8.02191
-8.0427
-8.00068
-8.02846
-8.03722
-8.03431
-8.04012
-8.05516
-8.03948
-8.03333
-8.03268
-8.05293
-8.05007
-8.04943
-8.05325
-8.05738
-8.06589
-8.06306
-8.05198
-8.04975
-8.03008
-8.03333
-8.07122
-8.06117
-8.09529
-8.08364
-8.06809
-8.0507
-8.09193
-8.08579
-8.08456
-8.06117
-8.07931
-8.08395
-8.07931
-8.11462
-8.09071
-8.0956
-8.08302
-8.10259
-8.12622
-8.13973
-8.09986
-8.13035
-8.11343
-8.15421
-8.18507
-8.10922
-8.18004
-8.17414
-8.14758
-8.17216
-8.17667
-8.19257
-8.18507
-8.18674
-8.21148
-8.21852
-8.22121
-8.21825
-8.22898
-8.22255
-8.24486
-8.22764
-8.27995
-8.30474
-8.26462
-8.31777
-8.2963
-8.304
-8.30598
-8.32434
-8.33639
-8.36591
-8.38229
-8.388
-8.38275
-8.39661
-8.41494
-8.41228
-8.43598
-8.45404
-8.48962
-8.48281
-8.49883
-8.53895
-8.53031
-8.58204
-8.54032
-8.58092
-8.6085
-8.59951
-8.64594
-8.65172
-8.6706
-8.7088
-8.76593
-8.72388
-8.74592
-8.80567
-8.83171
-8.86996
-8.90721
-8.90788
-8.97056
-9.00221
-9.02666
-9.07096
-9.10986
-9.16398
-9.19928
-9.26908
-9.30665
-9.37195
-9.4579
-9.52084
-9.5973
-9.68893
-9.7949
-9.90588
-10.0594
-10.2164
-10.4267
-10.7152
-11.1807
-13.6586
