-17.2097
-12.6315
-12.0656
-11.7077
-11.4278
-11.2025
-11.0089
-10.8544
-10.7019
-10.5784
-10.4576
-10.3538
-10.2655
-10.1826
-10.0951
-10.0238
-9.95309
-9.90184
-9.83317
-9.7944
-9.73211
-9.67615
-9.63698
-9.58782
-9.55705
-9.51399
-9.47754
-9.44525
-9.40344
-9.37806
-9.32581
-9.30064
-9.26927
-9.25158
-9.23259
-9.20593
-9.16848
-9.14228
-9.13389
-9.10309
-9.09133
-9.06427
-9.06196
-9.02305
-9.01591
-8.99826
-8.95738
-8.9597
-8.92585
-8.92599
-8.91301
-8.89055
-8.85993
-8.87808
-8.84865
-8.82996
-8.82659
-8.80956
-8.80011
-8.80087
-8.7723
-8.75306
-8.73311
-8.73488
-8.74162
-8.68913
-8.70101
-8.67999
-8.6651
-8.67454
-8.64206
-8.67009
-8.641
-8.63337
-8.64047
-8.62927
-8.6074
-8.59415
-8.59267
-8.6125
-8.58223
-8.56808
-8.5749
-8.58485
-8.55603
-8.55487
-8.53031
-8.51419
-8.52337
-8.52079
-8.53366
-8.49944
-8.49984
-8.49719
-8.49862
-8.50815
-8.48962
-8.49781
-8.52138
-8.4772
-8.48591
-8.46947
-8.50188
-8.48364
-8.46716
-8.50472
-8.4826
-8.46062
-8.44677
-8.46041
-8.42989
-8.4855
-8.45872
-8.46231
-8.44613
-8.46379
-8.42814
-8.44441
-8.46083
-8.43185
-8.46926
-8.44977
-8.45766
-8.42967
-8.4253
-8.40916
-8.43229
-8.42552
-8.43011
-8.45532
-8.45191
-8.48157
-8.46842
-8.46527
-8.46863
-8.46947
-8.45914
-8.45617
-8.45766
-8.48136
-8.45617
-8.40693
-8.42595
-8.4231
-8.43272
-8.46884
-8.44182
-8.4429
-8.43707
-8.43966
-8.44182
-8.43793
-8.41494
-8.44053
-8.41804
-8.42902
-8.41892
-8.42222
-8.41804
-8.41538
-8.42398
-8.43403
-8.43555
-8.42156
-8.42288
-8.41958
-8.40537
-8.42705
-8.43164
-8.46653
-8.4349
-8.4198
-8.4487
-8.40021
-8.45702
-8.43229
-8.43381
-8.42508
-8.44139
-8.45127
-8.47073
-8.45787
-8.47512
-8.45383
-8.47887
-8.46337
-8.47115
-8.4722
-8.48053
-8.46653
-8.51819
-8.51599
-8.51479
-8.53817
-8.54032
-8.57017
-8.55929
-8.5841
-8.6332
-8.72891
-8.673
-8.56636
-8.52496
-8.5311
-8.48032
-8.45659
-8.44225
-8.44139
-8.40604
-8.37954
-8.36101
-8.36218
-8.35137
-8.32579
-8.35255
-8.31434
-8.2958
-8.31703
-8.28526
-8.29854
-8.2845
-8.25609
-8.21419
-8.25713
-8.2501
-8.25271
-8.24984
-8.21365
-8.20985
-8.22978
-8.22631
-8.22148
-8.1778
-8.1545
-8.17273
-8.18256
-8.1682
-8.16934
-8.15507
-8.14526
-8.14555
-8.18646
-8.12237
-8.15191
-8.12415
-8.15133
-8.14989
-8.13006
-8.128
-8.13944
-8.14642
-8.12652
-8.12976
-8.12267
-8.11821
-8.11462
-8.07962
-8.0956
-8.08641
-8.12178
-8.09285
-8.11552
-8.0901
-8.09407
-8.0618
-8.09132
-8.06558
-8.09682
-8.09163
-8.08148
-8.08117
-8.06401
-8.07059
-8.06117
-8.08425
-8.12089
-8.05261
-8.0734
-8.0901
-8.07247
-8.07247
-8.10289
-8.09803
-8.0523
-8.09316
-8.07496
-8.08209
-8.09071
-8.08948
-8.03657
-8.0762
-8.10319
-8.08856
-8.10077
-8.10228
-8.1038
-8.11043
-8.1274
-8.09621
-8.08302
-8.08887
-8.1277
-8.07652
-8.14381
-8.15708
-8.12148
-8.13241
-8.11043
-8.12237
-8.13447
-8.12622
-8.13271
-8.11163
-8.13505
-8.15393
-8.18312
-8.14352
-8.16934
-8.14032
-8.18172
-8.16451
-8.19699
-8.19616
-8.19008
-8.18813
-8.22524
-8.22951
-8.2169
-8.22871
-8.22951
-8.22924
-8.20822
-8.26436
-8.25245
-8.26462
-8.26668
-8.29754
-8.28046
-8.30375
-8.31654
-8.29655
-8.33062
-8.32627
-8.35655
-8.34093
-8.35467
-8.37977
-8.37494
-8.3914
-8.41671
-8.42288
-8.43707
-8.44074
-8.45532
-8.47449
-8.46443
-8.50066
-8.52437
-8.52198
-8.52099
-8.54772
-8.59582
-8.5923
-8.57659
-8.61939
-8.67505
-8.68575
-8.68033
-8.69968
-8.74289
-8.76997
-8.74973
-8.81374
-8.82129
-8.84635
-8.87529
-8.89385
-8.95027
-8.9964
-8.99863
-9.04322
-9.0956
-9.13141
-9.1773
-9.22749
-9.27162
-9.33309
-9.3816
-9.45438
-9.52274
-9.60367
-9.69382
-9.79752
-9.92133
-10.0652
-10.2213
-10.4256
-10.7237
-11.1752
-13.6134
