-16.7082
-12.4011
-11.8686
-11.5233
-11.2644
-11.053
-10.8787
-10.7415
-10.6105
-10.5014
-10.392
-10.3019
-10.2102
-10.1331
-10.0651
-9.99273
-9.91852
-9.86339
-9.8009
-9.74162
-9.70211
-9.64387
-9.58252
-9.54402
-9.50874
-9.45697
-9.42819
-9.37679
-9.35487
-9.29514
-9.27303
-9.23698
-9.21622
-9.19421
-9.14857
-9.11702
-9.10886
-9.06797
-9.06589
-9.02678
-8.98682
-8.97588
-8.9675
-8.9539
-8.92412
-8.90178
-8.87263
-8.88156
-8.85324
-8.83054
-8.82144
-8.786
-8.7977
-8.7456
-8.74751
-8.75794
-8.72291
-8.71866
-8.70666
-8.68558
-8.6844
-8.65626
-8.65643
-8.64752
-8.64435
-8.62945
-8.61105
-8.61178
-8.60153
-8.62119
-8.5635
-8.54889
-8.55237
-8.56121
-8.5568
-8.53758
-8.53366
-8.50045
-8.48426
-8.48115
-8.50613
-8.48673
-8.4772
-8.47658
-8.45787
-8.44849
-8.4502
-8.43251
-8.44656
-8.44398
-8.41759
-8.39728
-8.39457
-8.38845
-8.41294
-8.40983
-8.40088
-8.38023
-8.38435
-8.36101
-8.35726
-8.37471
-8.40492
-8.37355
-8.35255
-8.36264
-8.36591
-8.36753
-8.34569
-8.35561
-8.32069
-8.35773
-8.35043
-8.33519
-8.36241
-8.33183
-8.34972
-8.31947
-8.32045
-8.33663
-8.32966
-8.327
-8.30992
-8.28954
-8.31703
-8.33014
-8.31874
-8.31581
-8.32603
-8.32555
-8.34759
-8.33759
-8.30672
-8.35843
-8.37793
-8.34308
-8.34546
-8.32676
-8.33854
-8.35937
-8.35679
-8.32093
-8.3185
-8.32773
-8.3185
-8.32118
-8.33086
-8.33687
-8.30697
-8.31581
-8.30202
-8.304
-8.2963
-8.32434
-8.32166
-8.30598
-8.33086
-8.31459
-8.30326
-8.29205
-8.30227
-8.33135
-8.31434
-8.28627
-8.30301
-8.30003
-8.28828
-8.31557
-8.29929
-8.33663
-8.31287
-8.2958
-8.2933
-8.31263
-8.31654
-8.31459
-8.31189
-8.32045
-8.34355
-8.33303
-8.37378
-8.34617
-8.33663
-8.34451
-8.37055
-8.3673
-8.38343
-8.38708
-8.37609
-8.37448
-8.36497
-8.40088
-8.43425
-8.42376
-8.43359
-8.45956
-8.47241
-8.50249
-8.54714
-8.63923
-8.61867
-8.48673
-8.45872
-8.40671
-8.39886
-8.33543
-8.32045
-8.35444
-8.28879
-8.26848
-8.28753
-8.26796
-8.25635
-8.24118
-8.23456
-8.23616
-8.22229
-8.21744
-8.18507
-8.22094
-8.18702
-8.15507
-8.16934
-8.1274
-8.15277
-8.13973
-8.1545
-8.13035
-8.10712
-8.13652
-8.12652
-8.09071
-8.11403
-8.10501
-8.11073
-8.13006
-8.06809
-8.10349
-8.09224
-8.05198
-8.06715
-8.08795
-8.07465
-8.07278
-8.04783
-8.08364
-8.05579
-8.02943
-8.03204
-8.05706
-8.05261
-8.03496
-8.07184
-8.01797
-8.06934
-8.04141
-8.03333
-8.0369
-8.0618
-8.03851
-8.05357
-8.02027
-8.00136
-8.07216
-8.01136
-8.01467
-8.0067
-8.00336
-8.03106
-8.03787
-8.0067
-8.0067
-8.01698
-8.00236
-7.99294
-7.99867
-8.00803
-8.03171
-8.02519
-8.03204
-8.00403
-8.01467
-8.03722
-8.02158
-7.95015
-8.0278
-8.03008
-8.01202
-8.02355
-8.01434
-8.0067
-8.04623
-8.07247
-8.04012
-8.04847
-8.02027
-8.04623
-8.04077
-8.04206
-8.03268
-8.05516
-8.04302
-8.04173
-8.08117
-8.07216
-8.09102
-8.06306
-8.03754
-8.0618
-8.06369
-8.0824
-8.11373
-8.07122
-8.09224
-8.09163
-8.1044
-8.11851
-8.08549
-8.12445
-8.15277
-8.13388
-8.14323
-8.15852
-8.14902
-8.15047
-8.16764
-8.20111
-8.147
-8.14613
-8.16052
-8.21798
-8.18952
-8.19809
-8.18869
-8.24223
-8.20876
-8.24276
-8.23801
-8.2388
-8.23191
-8.24512
-8.2913
-8.27487
-8.26359
-8.29879
-8.31336
-8.30127
-8.33375
-8.3426
-8.36171
-8.36637
-8.38663
-8.3905
-8.39638
-8.41649
-8.43425
-8.44977
-8.45829
-8.45702
-8.48136
-8.50896
-8.52556
-8.54422
-8.5841
-8.57829
-8.61812
-8.63159
-8.65277
-8.65574
-8.68525
-8.72794
-8.72762
-8.78278
-8.7889
-8.83463
-8.85894
-8.87529
-8.90721
-8.95815
-8.97284
-9.01372
-9.06612
-9.10576
-9.15186
-9.21024
-9.24831
-9.30529
-9.35253
-9.43316
-9.50837
-9.59601
-9.66916
-9.78847
-9.89848
-10.0472
-10.2185
-10.4333
-10.7157
-11.1774
-13.686
