-17.274
-12.6558
-12.0868
-11.7163
-11.4377
-11.2043
-11.0064
-10.8553
-10.7051
-10.5921
-10.4672
-10.3605
-10.2548
-10.1824
-10.0935
-10.0207
-9.9601
-9.87673
-9.85067
-9.78296
-9.73678
-9.68259
-9.6326
-9.60083
-9.56269
-9.51797
-9.4822
-9.44106
-9.41735
-9.38614
-9.35988
-9.30328
-9.29321
-9.25646
-9.23474
-9.20281
-9.17844
-9.15112
-9.14772
-9.12391
-9.09919
-9.05742
-9.05591
-9.03753
-9.02256
-8.99454
-8.98231
-8.95248
-8.94962
-8.92718
-8.91503
-8.88447
-8.87487
-8.86757
-8.8488
-8.8387
-8.83696
-8.80822
-8.78722
-8.79103
-8.79528
-8.76733
-8.7592
-8.73665
-8.71752
-8.704
-8.71111
-8.69064
-8.69047
-8.69047
-8.65102
-8.63391
-8.65973
-8.63693
-8.63231
-8.64927
-8.64962
-8.64576
-8.61141
-8.61541
-8.6165
-8.59397
-8.57885
-8.55929
-8.54889
-8.56713
-8.55872
-8.53856
-8.58523
-8.55661
-8.52178
-8.51999
-8.52952
-8.50936
-8.52278
-8.51719
-8.48281
-8.52496
-8.4797
-8.47845
-8.50066
-8.50106
-8.47762
-8.48797
-8.49964
-8.48364
-8.47429
-8.47366
-8.49597
-8.47157
-8.47366
-8.45935
-8.48715
-8.47512
-8.48838
-8.4621
-8.4534
-8.46527
-8.48653
-8.48921
-8.46674
-8.46168
-8.45999
-8.44355
-8.464
-8.46253
-8.47429
-8.45169
-8.47908
-8.46189
-8.45212
-8.47824
-8.47949
-8.4621
-8.48032
-8.50289
-8.46947
-8.47783
-8.47115
-8.44784
-8.47908
-8.48446
-8.45702
-8.45276
-8.46737
-8.47887
-8.44548
-8.44699
-8.4502
-8.41494
-8.42989
-8.44269
-8.4457
-8.46464
-8.45702
-8.42002
-8.45744
-8.43316
-8.43945
-8.44677
-8.43272
-8.45489
-8.43251
-8.45425
-8.43142
-8.43055
-8.42639
-8.41383
-8.42178
-8.44484
-8.39909
-8.42354
-8.43642
-8.45404
-8.45148
-8.40916
-8.45681
-8.4472
-8.4472
-8.45212
-8.48591
-8.44934
-8.43988
-8.47408
-8.49862
-8.48053
-8.51097
-8.48612
-8.48529
-8.50167
-8.52794
-8.50553
-8.53817
-8.51619
-8.55179
-8.58485
-8.58821
-8.61378
-8.64647
-8.72274
-8.69047
-8.59693
-8.54578
-8.52536
-8.49085
-8.47991
-8.44977
-8.42222
-8.39457
-8.41161
-8.38046
-8.39773
-8.35655
-8.36358
-8.34213
-8.32434
-8.30968
-8.29555
-8.31459
-8.31115
-8.29455
-8.26436
-8.25868
-8.25635
-8.22255
-8.24774
-8.25297
-8.24931
-8.2343
-8.21582
-8.20849
-8.21582
-8.21338
-8.21663
-8.17892
-8.18952
-8.19699
-8.1682
-8.17555
-8.17892
-8.16138
-8.15995
-8.16166
-8.14294
-8.11073
-8.14439
-8.15162
-8.16536
-8.08672
-8.14061
-8.11999
-8.13681
-8.12445
-8.11731
-8.10712
-8.12829
-8.09651
-8.10501
-8.12326
-8.13505
-8.09803
-8.11103
-8.1277
-8.08117
-8.09621
-8.07278
-8.10046
-8.09529
-8.1041
-8.08672
-8.07931
-8.10319
-8.08518
-8.07838
-8.07184
-8.12385
-8.09071
-8.0904
-8.07589
-8.10953
-8.09102
-8.08979
-8.11043
-8.07776
-8.12474
-8.10198
-8.12178
-8.12534
-8.08456
-8.09163
-8.07807
-8.11073
-8.0901
-8.06715
-8.0762
-8.11013
-8.09621
-8.09407
-8.13623
-8.10712
-8.10228
-8.10046
-8.13065
-8.09712
-8.10501
-8.13593
-8.14787
-8.13359
-8.13535
-8.16962
-8.13359
-8.15104
-8.14032
-8.12622
-8.16565
-8.17301
-8.1545
-8.19285
-8.2255
-8.20467
-8.19589
-8.21067
-8.2169
-8.19561
-8.22255
-8.17892
-8.21636
-8.24223
-8.17723
-8.23854
-8.24801
-8.25972
-8.26127
-8.26565
-8.27817
-8.27792
-8.27078
-8.29054
-8.2948
-8.33231
-8.32288
-8.30177
-8.34117
-8.34165
-8.33687
-8.37124
-8.36497
-8.36893
-8.38183
-8.42332
-8.41383
-8.43988
-8.45084
-8.48364
-8.47658
-8.49085
-8.49105
-8.52059
-8.51118
-8.54228
-8.54889
-8.56236
-8.58261
-8.58429
-8.61849
-8.65225
-8.67965
-8.68694
-8.69935
-8.73037
-8.74273
-8.78063
-8.81478
-8.81996
-8.87066
-8.88267
-8.91126
-8.92996
-8.98206
-9.01006
-9.05684
-9.09471
-9.13917
-9.17554
-9.23679
-9.26198
-9.32599
-9.37433
-9.46413
-9.53842
-9.60231
-9.68539
-9.80494
-9.90559
-10.0444
-10.2264
-10.4346
-10.7172
-11.1675
-13.6067
