-16.992
-12.4833
-11.9391
-11.5834
-11.3122
-11.1026
-10.9211
-10.7715
-10.6386
-10.5188
-10.4006
-10.3139
-10.2161
-10.14
-10.0449
-9.97464
-9.91408
-9.85598
-9.78948
-9.7252
-9.68825
-9.62238
-9.58445
-9.53525
-9.48805
-9.45907
-9.42343
-9.38999
-9.35652
-9.31154
-9.28415
-9.25273
-9.2431
-9.21851
-9.16461
-9.13841
-9.13227
-9.09111
-9.06935
-9.04676
-9.02642
-8.99875
-8.99194
-8.96687
-8.95854
-8.92119
-8.93538
-8.90395
-8.89302
-8.83652
-8.84318
-8.84434
-8.82527
-8.79316
-8.78661
-8.77756
-8.76593
-8.73359
-8.74767
-8.73101
-8.70781
-8.69517
-8.68067
-8.68203
-8.67761
-8.66199
-8.62784
-8.63515
-8.60319
-8.6063
-8.58765
-8.56998
-8.59249
-8.6008
-8.56674
-8.57584
-8.52278
-8.54442
-8.52059
-8.53523
-8.52079
-8.51118
-8.50127
-8.49821
-8.48053
-8.52833
-8.468
-8.48322
-8.47449
-8.47031
-8.47136
-8.4534
-8.44419
-8.44247
-8.41361
-8.4534
-8.44656
-8.44419
-8.4487
-8.44053
-8.40133
-8.40178
-8.40716
-8.41737
-8.40335
-8.41715
-8.39728
-8.40537
-8.37402
-8.37332
-8.39231
-8.39163
-8.41183
-8.35114
-8.4125
-8.37678
-8.39751
-8.38594
-8.39163
-8.33926
-8.38913
-8.37586
-8.37586
-8.37908
-8.39412
-8.37332
-8.40425
-8.38754
-8.38046
-8.3832
-8.37862
-8.40939
-8.40156
-8.38936
-8.38708
-8.38298
-8.36218
-8.36124
-8.39683
-8.38822
-8.3848
-8.39638
-8.38959
-8.35019
-8.39367
-8.38275
-8.33615
-8.37747
-8.37008
-8.39186
-8.3483
-8.368
-8.38663
-8.36404
-8.34546
-8.35679
-8.36171
-8.37609
-8.3717
-8.35609
-8.39412
-8.38458
-8.36567
-8.37425
-8.35208
-8.37586
-8.34522
-8.35726
-8.36916
-8.38114
-8.36077
-8.37724
-8.38594
-8.38959
-8.38412
-8.35514
-8.37309
-8.38206
-8.39976
-8.37724
-8.38183
-8.40402
-8.39457
-8.36707
-8.4231
-8.38913
-8.40201
-8.42464
-8.43468
-8.44182
-8.45659
-8.44484
-8.46716
-8.49699
-8.4927
-8.48384
-8.53837
-8.55024
-8.57395
-8.69383
-8.63711
-8.52595
-8.50593
-8.46062
-8.41183
-8.41605
-8.39254
-8.35679
-8.33279
-8.36101
-8.32166
-8.31312
-8.30276
-8.30992
-8.28879
-8.28172
-8.23801
-8.2579
-8.26101
-8.25894
-8.22764
-8.23111
-8.20495
-8.19285
-8.21771
-8.18563
-8.21636
-8.18563
-8.20849
-8.17103
-8.17639
-8.17329
-8.15909
-8.14758
-8.14816
-8.15249
-8.13623
-8.11432
-8.16109
-8.12296
-8.11432
-8.10531
-8.12296
-8.10832
-8.1041
-8.09193
-8.08579
-8.10046
-8.08733
-8.08487
-8.10953
-8.07589
-8.08086
-8.04431
-8.08795
-8.08364
-8.06369
-8.05833
-8.09803
-8.04463
-8.09407
-8.06558
-8.03268
-8.02158
-8.05864
-8.05928
-8.03819
-8.05706
-8.04879
-8.02552
-8.03041
-8.05198
-8.03463
-8.04463
-8.0618
-8.04077
-8.00737
-8.04077
-8.04591
-8.0507
-8.00303
-8.06401
-8.07247
-8.06338
-8.03041
-8.06086
-8.079
-8.0618
-8.06432
-8.05548
-8.05864
-8.05864
-8.0618
-8.05452
-8.11133
-8.06589
-8.06778
-8.06934
-8.04815
-8.07745
-8.07714
-8.09407
-8.0959
-8.07465
-8.11821
-8.09255
-8.13271
-8.11133
-8.08549
-8.12148
-8.12534
-8.13182
-8.12326
-8.12445
-8.16166
-8.09864
-8.10501
-8.12681
-8.1374
-8.13417
-8.17667
-8.15191
-8.16138
-8.15393
-8.18228
-8.19063
-8.182
-8.19671
-8.21636
-8.19063
-8.21582
-8.21067
-8.22844
-8.21311
-8.2388
-8.26591
-8.26462
-8.25219
-8.28324
-8.28577
-8.30276
-8.28778
-8.31679
-8.33279
-8.34498
-8.37954
-8.3426
-8.38891
-8.37448
-8.36497
-8.38959
-8.39841
-8.39638
-8.42705
-8.4502
-8.4502
-8.47199
-8.48177
-8.47908
-8.53954
-8.53621
-8.56025
-8.56503
-8.58279
-8.59785
-8.62963
-8.65973
-8.6822
-8.69283
-8.71621
-8.72988
-8.76686
-8.80463
-8.817
-8.86248
-8.84707
-8.89508
-8.9334
-8.9675
-9.01712
-9.02978
-9.07269
-9.13659
-9.16618
-9.20291
-9.26217
-9.32278
-9.38059
-9.45077
-9.52135
-9.60636
-9.69295
-9.79874
-9.91803
-10.0523
-10.2158
-10.4421
-10.7309
-11.185
-13.6495
