-17.068
-12.5748
-12.0154
-11.6557
-11.3895
-11.1745
-10.9899
-10.8316
-10.6941
-10.5597
-10.4521
-10.3554
-10.266
-10.1715
-10.091
-10.0203
-9.94088
-9.88588
-9.83349
-9.7695
-9.70094
-9.66954
-9.61193
-9.57109
-9.54295
-9.50047
-9.4639
-9.40976
-9.40187
-9.36486
-9.30756
-9.29487
-9.2486
-9.24213
-9.21104
-9.16168
-9.17926
-9.09728
-9.10142
-9.08727
-9.06346
-9.04499
-9.03325
-9.00835
-8.97979
-8.95416
-8.95596
-8.94664
-8.91059
-8.8944
-8.88156
-8.85865
-8.87151
-8.84174
-8.80941
-8.80448
-8.7971
-8.76671
-8.77246
-8.74942
-8.74624
-8.74018
-8.73424
-8.71948
-8.69668
-8.70118
-8.65956
-8.65172
-8.65574
-8.64927
-8.64118
-8.64065
-8.62155
-8.60282
-8.58261
-8.6008
-8.58653
-8.5856
-8.57244
-8.55545
-8.5696
-8.54052
-8.54111
-8.53307
-8.52278
-8.54345
-8.5037
-8.50005
-8.51699
-8.52615
-8.50815
-8.49679
-8.48653
-8.4857
-8.50492
-8.48239
-8.48032
-8.48239
-8.47366
-8.45041
-8.46316
-8.49003
-8.45319
-8.43033
-8.44849
-8.44784
-8.4502
-8.43033
-8.42617
-8.44225
-8.43251
-8.45893
-8.4362
-8.40916
-8.41781
-8.44441
-8.43988
-8.42771
-8.4288
-8.41228
-8.41117
-8.42442
-8.43902
-8.41538
-8.43923
-8.41183
-8.42442
-8.42266
-8.43381
-8.42068
-8.42989
-8.4388
-8.43229
-8.48694
-8.41427
-8.42024
-8.43793
-8.42924
-8.44312
-8.43316
-8.41649
-8.40201
-8.42508
-8.44247
-8.42595
-8.42442
-8.40716
-8.42354
-8.40514
-8.41538
-8.38298
-8.38114
-8.40425
-8.41317
-8.40805
-8.41383
-8.39299
-8.36567
-8.3914
-8.38526
-8.37862
-8.40425
-8.39186
-8.4125
-8.40335
-8.38137
-8.38572
-8.40671
-8.41161
-8.42046
-8.39841
-8.39435
-8.40133
-8.40066
-8.40894
-8.41715
-8.41228
-8.43142
-8.39322
-8.42464
-8.44484
-8.40872
-8.42617
-8.44074
-8.42683
-8.42749
-8.42002
-8.45914
-8.4429
-8.45659
-8.45935
-8.48343
-8.50714
-8.50472
-8.50694
-8.51599
-8.55853
-8.58653
-8.63088
-8.68542
-8.65852
-8.56293
-8.5311
-8.48838
-8.44806
-8.40581
-8.40133
-8.42705
-8.37078
-8.33014
-8.32506
-8.34546
-8.31972
-8.31361
-8.2923
-8.26848
-8.27894
-8.29004
-8.26359
-8.25062
-8.25245
-8.23217
-8.23483
-8.22524
-8.22497
-8.20849
-8.21067
-8.19174
-8.19395
-8.16764
-8.19063
-8.19671
-8.19063
-8.1747
-8.1409
-8.1274
-8.17583
-8.14526
-8.13182
-8.14468
-8.11223
-8.07558
-8.14061
-8.15018
-8.11612
-8.14177
-8.11612
-8.12326
-8.10802
-8.06872
-8.09955
-8.11253
-8.09468
-8.09773
-8.11073
-8.09895
-8.10742
-8.05579
-8.07776
-8.05801
-8.11851
-8.06715
-8.06338
-8.07683
-8.04238
-8.05896
-8.11403
-8.0507
-8.09499
-8.07589
-8.06558
-8.06621
-8.06495
-8.05833
-8.05833
-8.09712
-8.05674
-8.06401
-8.06306
-8.07371
-8.04911
-8.08395
-8.08178
-8.04334
-8.1047
-8.06934
-8.0734
-8.08302
-8.09346
-8.08703
-8.08549
-8.0762
-8.08672
-8.06275
-8.0684
-8.07745
-8.06966
-8.07776
-8.11043
-8.04975
-8.08456
-8.07683
-8.09316
-8.0959
-8.07091
-8.14265
-8.09102
-8.10531
-8.10531
-8.12859
-8.12326
-8.12207
-8.1277
-8.10772
-8.14816
-8.13329
-8.13652
-8.14729
-8.16678
-8.1588
-8.1834
-8.15536
-8.16451
-8.18535
-8.14902
-8.17948
-8.1934
-8.21338
-8.17948
-8.19146
-8.24433
-8.22577
-8.19946
-8.21175
-8.25609
-8.25349
-8.30918
-8.22951
-8.28652
-8.29555
-8.30647
-8.2845
-8.29953
-8.3299
-8.34877
-8.34046
-8.37448
-8.39706
-8.36147
-8.3957
-8.40894
-8.42332
-8.42442
-8.44161
-8.45702
-8.4857
-8.477
-8.477
-8.50977
-8.51659
-8.53935
-8.5483
-8.5307
-8.59748
-8.59193
-8.63569
-8.64699
-8.66302
-8.70517
-8.7088
-8.74799
-8.76202
-8.79042
-8.81492
-8.84044
-8.88114
-8.89412
-8.93036
-8.97436
-9.00504
-9.0497
-9.09279
-9.12522
-9.16094
-9.2194
-9.275
-9.31668
-9.39449
-9.45014
-9.53712
-9.59879
-9.694
-9.79562
-9.91026
-10.0559
-10.2226
-10.4289
-10.7129
-11.1791
-13.6339
