-17.5448
-12.7755
-12.1793
-11.7798
-11.4801
-11.2346
-11.0388
-10.8667
-10.7154
-10.5844
-10.468
-10.37
-10.2746
-10.185
-10.121
-10.0412
-9.97994
-9.91847
-9.86183
-9.81252
-9.7621
-9.70984
-9.66402
-9.61827
-9.59383
-9.56022
-9.52157
-9.45728
-9.42923
-9.41148
-9.38337
-9.33212
-9.31884
-9.28545
-9.27809
-9.24764
-9.23024
-9.18963
-9.17253
-9.17585
-9.12989
-9.11855
-9.07188
-9.07852
-9.05263
-9.01335
-8.99566
-9.01274
-8.99082
-8.98369
-8.93604
-8.93089
-8.92292
-8.89508
-8.88184
-8.89234
-8.87919
-8.83637
-8.84217
-8.80732
-8.82673
-8.798
-8.81863
-8.786
-8.74385
-8.77122
-8.75495
-8.76233
-8.7352
-8.74401
-8.70085
-8.70201
-8.6694
-8.70732
-8.68457
-8.66337
-8.6651
-8.65295
-8.64189
-8.65399
-8.64383
-8.641
-8.60868
-8.63088
-8.61396
-8.59471
-8.60209
-8.58336
-8.59822
-8.59619
-8.58616
-8.54869
-8.57641
-8.57641
-8.55275
-8.55584
-8.57263
-8.54869
-8.54403
-8.53954
-8.53425
-8.55005
-8.54403
-8.52476
-8.54111
-8.55237
-8.55121
-8.51278
-8.51379
-8.49719
-8.51679
-8.50066
-8.53366
-8.53129
-8.49984
-8.50025
-8.50147
-8.54228
-8.51238
-8.51579
-8.50451
-8.51097
-8.52873
-8.51138
-8.49658
-8.51759
-8.52278
-8.49085
-8.51158
-8.5033
-8.49454
-8.53523
-8.50391
-8.53011
-8.53915
-8.53935
-8.52397
-8.51659
-8.49085
-8.50997
-8.51178
-8.49658
-8.52238
-8.51579
-8.52178
-8.50289
-8.49903
-8.4857
-8.48384
-8.51258
-8.51278
-8.50674
-8.50492
-8.4855
-8.47616
-8.48735
-8.49617
-8.46274
-8.47073
-8.48838
-8.49167
-8.47345
-8.46926
-8.46632
-8.4602
-8.50472
-8.45191
-8.50553
-8.4747
-8.49577
-8.50106
-8.49147
-8.47928
-8.51198
-8.5037
-8.47762
-8.47928
-8.51017
-8.48281
-8.50956
-8.47928
-8.49167
-8.50451
-8.49964
-8.52178
-8.53543
-8.5368
-8.54345
-8.55507
-8.53464
-8.54461
-8.54539
-8.58597
-8.5973
-8.57111
-8.60594
-8.64734
-8.6706
-8.70001
-8.76546
-8.73665
-8.64962
-8.60502
-8.54947
-8.5305
-8.48653
-8.49903
-8.47199
-8.46926
-8.41272
-8.39322
-8.41605
-8.40961
-8.40335
-8.38275
-8.34165
-8.35185
-8.33926
-8.31581
-8.31581
-8.3185
-8.31899
-8.29729
-8.28274
-8.27944
-8.2918
-8.26075
-8.27359
-8.26976
-8.24381
-8.25583
-8.24512
-8.27001
-8.18897
-8.21392
-8.22818
-8.23244
-8.21203
-8.22657
-8.21419
-8.19423
-8.19671
-8.15937
-8.20985
-8.21555
-8.16366
-8.15937
-8.16423
-8.19119
-8.16707
-8.1806
-8.17892
-8.17976
-8.16451
-8.14642
-8.16052
-8.15018
-8.13505
-8.14206
-8.11043
-8.11013
-8.13271
-8.12089
-8.14873
-8.15306
-8.12237
-8.11492
-8.15133
-8.13593
-8.12504
-8.11462
-8.11761
-8.09712
-8.10501
-8.12859
-8.10198
-8.12356
-8.13153
-8.12326
-8.10319
-8.1188
-8.11492
-8.13065
-8.09682
-8.11043
-8.1277
-8.12207
-8.12622
-8.1409
-8.11432
-8.128
-8.14061
-8.12207
-8.14613
-8.13006
-8.13593
-8.10561
-8.13271
-8.12474
-8.13212
-8.12652
-8.14989
-8.1277
-8.14294
-8.13856
-8.13886
-8.16792
-8.14352
-8.13329
-8.15737
-8.17723
-8.18256
-8.14294
-8.13944
-8.17948
-8.20385
-8.20056
-8.21555
-8.18952
-8.20549
-8.20849
-8.20876
-8.1834
-8.24065
-8.22336
-8.26924
-8.23111
-8.2123
-8.25349
-8.24065
-8.24722
-8.25479
-8.28223
-8.29305
-8.2913
-8.27843
-8.32821
-8.31825
-8.32676
-8.33591
-8.33543
-8.3717
-8.34117
-8.35632
-8.37332
-8.36241
-8.36521
-8.38594
-8.40268
-8.42705
-8.44827
-8.43858
-8.44613
-8.44784
-8.48818
-8.49597
-8.51258
-8.52754
-8.52417
-8.56121
-8.58747
-8.58279
-8.60685
-8.63016
-8.64435
-8.66458
-8.65295
-8.69064
-8.68491
-8.76437
-8.75637
-8.78646
-8.80508
-8.84994
-8.86729
-8.88184
-8.91274
-8.96367
-8.98732
-9.03193
-9.05917
-9.11196
-9.12063
-9.19948
-9.2321
-9.27809
-9.33724
-9.40005
-9.43978
-9.52573
-9.62245
-9.69867
-9.80907
-9.91165
-10.0654
-10.2262
-10.4387
-10.7184
-11.1728
-13.5738
