-17.3912
-12.7022
-12.1214
-11.7396
-11.4578
-11.2205
-11.0256
-10.8568
-10.7009
-10.5867
-10.4718
-10.3605
-10.2697
-10.1803
-10.0951
-10.039
-9.97105
-9.91616
-9.85024
-9.79879
-9.74607
-9.6872
-9.64342
-9.60912
-9.57074
-9.52727
-9.50346
-9.45517
-9.42771
-9.3984
-9.35867
-9.33574
-9.31245
-9.27856
-9.23415
-9.23004
-9.19309
-9.17823
-9.16628
-9.13076
-9.12096
-9.08534
-9.06647
-9.0257
-9.01954
-9.01663
-9.01506
-8.96098
-8.95944
-8.94507
-8.93735
-8.90409
-8.92731
-8.89247
-8.86771
-8.85195
-8.85266
-8.81863
-8.80011
-8.80627
-8.79118
-8.77956
-8.7421
-8.76873
-8.75369
-8.74082
-8.72924
-8.70566
-8.69668
-8.67897
-8.67403
-8.64594
-8.66458
-8.64065
-8.65661
-8.6491
-8.62587
-8.6573
-8.61722
-8.61087
-8.60995
-8.60886
-8.58466
-8.58933
-8.61541
-8.58896
-8.56865
-8.55121
-8.54052
-8.54461
-8.56579
-8.56064
-8.59174
-8.52695
-8.53425
-8.53464
-8.50956
-8.53895
-8.54364
-8.52675
-8.52417
-8.50775
-8.48673
-8.50916
-8.52079
-8.50167
-8.50512
-8.49515
-8.49515
-8.49167
-8.49064
-8.50694
-8.50431
-8.46168
-8.48735
-8.48136
-8.49577
-8.47324
-8.49392
-8.4927
-8.48157
-8.48653
-8.50086
-8.47804
-8.46506
-8.50451
-8.47637
-8.50127
-8.48488
-8.49023
-8.47199
-8.47575
-8.46863
-8.50876
-8.50795
-8.52794
-8.48177
-8.49679
-8.50249
-8.4722
-8.49311
-8.51899
-8.47241
-8.46695
-8.4927
-8.49249
-8.49474
-8.46968
-8.46316
-8.47429
-8.47533
-8.46379
-8.47824
-8.46316
-8.47491
-8.47178
-8.44269
-8.42178
-8.44031
-8.44677
-8.464
-8.48177
-8.48838
-8.47157
-8.45553
-8.42967
-8.45978
-8.45127
-8.45127
-8.45766
-8.44613
-8.45383
-8.46464
-8.45999
-8.45212
-8.45041
-8.46779
-8.46674
-8.49923
-8.50066
-8.45999
-8.468
-8.48941
-8.51859
-8.49556
-8.50045
-8.50045
-8.53011
-8.51619
-8.50532
-8.51999
-8.5749
-8.55526
-8.55391
-8.5897
-8.5936
-8.59822
-8.65591
-8.66716
-8.74273
-8.72859
-8.61141
-8.57111
-8.53601
-8.50451
-8.4797
-8.48384
-8.43642
-8.44784
-8.4288
-8.37885
-8.39751
-8.38708
-8.32918
-8.33974
-8.35232
-8.36684
-8.33639
-8.33207
-8.25661
-8.29829
-8.30251
-8.27436
-8.24486
-8.25427
-8.25453
-8.2963
-8.25609
-8.24931
-8.2514
-8.20412
-8.22978
-8.23959
-8.20358
-8.19368
-8.20166
-8.19008
-8.20358
-8.18312
-8.18674
-8.1588
-8.14468
-8.13388
-8.16508
-8.16309
-8.15909
-8.14468
-8.15364
-8.15536
-8.13035
-8.17047
-8.12118
-8.14902
-8.1441
-8.128
-8.1522
-8.14323
-8.12829
-8.12593
-8.12859
-8.10259
-8.11851
-8.14177
-8.10198
-8.12445
-8.10802
-8.09651
-8.11672
-8.07371
-8.11073
-8.133
-8.10591
-8.14816
-8.10228
-8.11522
-8.09712
-8.11403
-8.08333
-8.11043
-8.10107
-8.12652
-8.10531
-8.10712
-8.12118
-8.11193
-8.09743
-8.08487
-8.08549
-8.11343
-8.07931
-8.0861
-8.13388
-8.08086
-8.09163
-8.12474
-8.12356
-8.12859
-8.13886
-8.15162
-8.10349
-8.1191
-8.15909
-8.14235
-8.13564
-8.13359
-8.1608
-8.10531
-8.19091
-8.15966
-8.13505
-8.14845
-8.1496
-8.12947
-8.1747
-8.15622
-8.18032
-8.1588
-8.16877
-8.18591
-8.19506
-8.19891
-8.19946
-8.21744
-8.21175
-8.22711
-8.21528
-8.24512
-8.22229
-8.20029
-8.2514
-8.23403
-8.2514
-8.25505
-8.25557
-8.28096
-8.28954
-8.2913
-8.28803
-8.30992
-8.32288
-8.32166
-8.33303
-8.33086
-8.35161
-8.33783
-8.36823
-8.40246
-8.42024
-8.40268
-8.4038
-8.43381
-8.45041
-8.42924
-8.47845
-8.47241
-8.49085
-8.48198
-8.52754
-8.54208
-8.55082
-8.54966
-8.58914
-8.5884
-8.61141
-8.64927
-8.63693
-8.67727
-8.70765
-8.70897
-8.73198
-8.75888
-8.79558
-8.80912
-8.8301
-8.86461
-8.88322
-8.91274
-8.9293
-8.97576
-9.02978
-9.06346
-9.10253
-9.1622
-9.1935
-9.24629
-9.28471
-9.33327
-9.38194
-9.45571
-9.52945
-9.63063
-9.68034
-9.79746
-9.9198
-10.0624
-10.2151
-10.431
-10.7263
-11.1756
-13.5904
