-17.4449
-12.7297
-12.1442
-11.7571
-11.4745
-11.2347
-11.0361
-10.8666
-10.7048
-10.5893
-10.465
-10.3699
-10.2662
-10.1888
-10.105
-10.0409
-9.97016
-9.91215
-9.85019
-9.80973
-9.74695
-9.7183
-9.66796
-9.61052
-9.57734
-9.53763
-9.49597
-9.46599
-9.42658
-9.40286
-9.38042
-9.33979
-9.30356
-9.28285
-9.26578
-9.23864
-9.2196
-9.17998
-9.16482
-9.14602
-9.12772
-9.09212
-9.07612
-9.06497
-9.05719
-9.01128
-8.99999
-8.98331
-8.96124
-8.94416
-8.92745
-8.93208
-8.91207
-8.86799
-8.87808
-8.88336
-8.84966
-8.83565
-8.82717
-8.79966
-8.80897
-8.78783
-8.77663
-8.78033
-8.75605
-8.7397
-8.74034
-8.73198
-8.71834
-8.72486
-8.70616
-8.695
-8.68609
-8.68913
-8.66734
-8.65991
-8.65137
-8.65347
-8.63391
-8.6282
-8.63409
-8.61068
-8.62029
-8.5936
-8.61486
-8.57603
-8.59656
-8.5749
-8.56159
-8.59193
-8.55449
-8.55043
-8.56541
-8.55872
-8.54966
-8.53798
-8.55545
-8.52833
-8.51739
-8.55314
-8.51399
-8.53503
-8.53405
-8.50249
-8.51218
-8.52774
-8.51559
-8.49413
-8.50512
-8.54442
-8.52099
-8.51218
-8.50472
-8.49781
-8.49085
-8.50936
-8.49352
-8.47741
-8.51037
-8.50512
-8.49474
-8.48962
-8.48239
-8.48136
-8.48136
-8.47824
-8.4855
-8.50005
-8.51077
-8.49311
-8.48859
-8.51379
-8.49392
-8.52556
-8.50391
-8.53169
-8.49044
-8.49208
-8.47928
-8.49658
-8.50208
-8.50956
-8.49188
-8.47408
-8.49229
-8.47261
-8.49638
-8.5035
-8.4855
-8.47887
-8.4502
-8.46464
-8.49433
-8.50188
-8.46062
-8.46905
-8.47178
-8.44913
-8.46485
-8.46189
-8.45468
-8.43772
-8.49311
-8.47094
-8.46379
-8.46905
-8.46189
-8.45084
-8.45361
-8.44934
-8.45999
-8.46842
-8.44139
-8.46527
-8.48157
-8.47073
-8.50512
-8.45489
-8.49331
-8.49208
-8.47658
-8.48941
-8.50613
-8.52794
-8.48797
-8.50694
-8.50451
-8.52476
-8.49903
-8.54052
-8.5514
-8.56808
-8.56655
-8.58672
-8.61232
-8.57866
-8.63088
-8.63959
-8.67608
-8.7723
-8.71227
-8.6183
-8.57565
-8.54559
-8.49536
-8.52039
-8.47199
-8.4457
-8.43598
-8.43425
-8.40043
-8.37286
-8.39299
-8.35843
-8.34996
-8.35984
-8.38822
-8.32385
-8.30992
-8.28349
-8.28954
-8.29705
-8.28274
-8.2938
-8.27716
-8.27665
-8.2351
-8.23827
-8.25271
-8.26101
-8.20467
-8.21528
-8.23801
-8.20876
-8.18479
-8.22443
-8.19671
-8.20849
-8.17892
-8.17301
-8.18144
-8.18032
-8.17527
-8.19781
-8.16735
-8.18396
-8.19589
-8.17132
-8.15852
-8.11851
-8.15708
-8.1747
-8.15018
-8.15133
-8.14816
-8.15794
-8.1197
-8.14555
-8.15708
-8.11701
-8.13447
-8.12947
-8.133
-8.10259
-8.12474
-8.11761
-8.12445
-8.11193
-8.13329
-8.10621
-8.08641
-8.13652
-8.09346
-8.11283
-8.11582
-8.09529
-8.09895
-8.11492
-8.10651
-8.12563
-8.10892
-8.09438
-8.0861
-8.08948
-8.09407
-8.08456
-8.11343
-8.1277
-8.11343
-8.10168
-8.12888
-8.12711
-8.14816
-8.11791
-8.10922
-8.13886
-8.14265
-8.14294
-8.09377
-8.14555
-8.1374
-8.14323
-8.14989
-8.14206
-8.13006
-8.12504
-8.13944
-8.14931
-8.15047
-8.14787
-8.18674
-8.1806
-8.16479
-8.15766
-8.19063
-8.19423
-8.16593
-8.19478
-8.1873
-8.20767
-8.18924
-8.19451
-8.19506
-8.18312
-8.19119
-8.25583
-8.21879
-8.25635
-8.23695
-8.2467
-8.27665
-8.26101
-8.25764
-8.26642
-8.27919
-8.27944
-8.29305
-8.30177
-8.2923
-8.33159
-8.30499
-8.35913
-8.34948
-8.35043
-8.39773
-8.36474
-8.36241
-8.40313
-8.41183
-8.41072
-8.43902
-8.41936
-8.45681
-8.47512
-8.48632
-8.48219
-8.52198
-8.50309
-8.55179
-8.54345
-8.56198
-8.59767
-8.59748
-8.6145
-8.65015
-8.66888
-8.66974
-8.68457
-8.71735
-8.73134
-8.76624
-8.77894
-8.79543
-8.83127
-8.88738
-8.89946
-8.91463
-8.96444
-8.99826
-9.01809
-9.06172
-9.10387
-9.12826
-9.17844
-9.24387
-9.2735
-9.35591
-9.39574
-9.44644
-9.51966
-9.61807
-9.68626
-9.78976
-9.92138
-10.0631
-10.2279
-10.435
-10.726
-11.1775
-13.5833
