-17.5913
-12.787
-12.1872
-11.7907
-11.4894
-11.2495
-11.0359
-10.8693
-10.7159
-10.5908
-10.4844
-10.3688
-10.2819
-10.1971
-10.1282
-10.0346
-9.9792
-9.92676
-9.86781
-9.81597
-9.76302
-9.72615
-9.67206
-9.63365
-9.59261
-9.55336
-9.51355
-9.48182
-9.44296
-9.42174
-9.3964
-9.36375
-9.31911
-9.30701
-9.2886
-9.25033
-9.23523
-9.19817
-9.16712
-9.14495
-9.14409
-9.13011
-9.08035
-9.07772
-9.06809
-9.04169
-9.01018
-9.03014
-8.99256
-8.97107
-8.94481
-8.93761
-8.92372
-8.9068
-8.90748
-8.87947
-8.85993
-8.85951
-8.8301
-8.86319
-8.80747
-8.80162
-8.81774
-8.79164
-8.78646
-8.77168
-8.75684
-8.72242
-8.72258
-8.73504
-8.70732
-8.71588
-8.68845
-8.69081
-8.67846
-8.68237
-8.67863
-8.68609
-8.66665
-8.67129
-8.63515
-8.64242
-8.62641
-8.644
-8.6105
-8.59693
-8.62353
-8.61396
-8.58858
-8.59286
-8.58579
-8.60117
-8.59119
-8.57735
-8.57111
-8.57225
-8.54636
-8.55333
-8.54617
-8.54675
-8.58653
-8.55063
-8.51839
-8.54111
-8.52655
-8.55314
-8.54091
-8.52437
-8.53129
-8.54052
-8.51839
-8.52437
-8.52417
-8.52813
-8.52991
-8.50775
-8.51439
-8.5305
-8.4857
-8.49208
-8.51439
-8.5033
-8.50309
-8.49883
-8.51037
-8.51419
-8.51339
-8.51659
-8.52417
-8.52357
-8.53248
-8.54772
-8.53307
-8.54714
-8.55179
-8.545
-8.53837
-8.53129
-8.54013
-8.51559
-8.52397
-8.54345
-8.50835
-8.51258
-8.49413
-8.50228
-8.50127
-8.52357
-8.48818
-8.48239
-8.4927
-8.5037
-8.52158
-8.49597
-8.52099
-8.46842
-8.50066
-8.48239
-8.48818
-8.49023
-8.47679
-8.49964
-8.47845
-8.49147
-8.50391
-8.46379
-8.49474
-8.47512
-8.47533
-8.47991
-8.52397
-8.4929
-8.47491
-8.464
-8.51238
-8.48529
-8.50997
-8.49658
-8.52536
-8.50734
-8.4927
-8.50005
-8.53287
-8.52813
-8.50106
-8.51659
-8.53719
-8.55159
-8.55237
-8.54559
-8.55468
-8.5696
-8.57376
-8.591
-8.60025
-8.63799
-8.65137
-8.68558
-8.71111
-8.78386
-8.76014
-8.64435
-8.61378
-8.55718
-8.545
-8.51339
-8.47783
-8.46758
-8.44225
-8.43902
-8.42508
-8.41516
-8.39954
-8.37931
-8.37655
-8.34688
-8.35491
-8.33783
-8.32482
-8.3299
-8.32142
-8.32773
-8.29978
-8.30672
-8.30177
-8.27155
-8.2388
-8.26411
-8.26256
-8.26822
-8.23669
-8.23589
-8.24958
-8.22924
-8.19644
-8.23297
-8.22978
-8.22524
-8.18172
-8.19754
-8.19671
-8.19946
-8.19451
-8.19864
-8.19946
-8.20631
-8.21852
-8.19589
-8.19202
-8.15249
-8.17103
-8.13827
-8.15421
-8.17695
-8.17723
-8.14352
-8.16707
-8.16223
-8.1873
-8.13681
-8.14468
-8.12385
-8.14613
-8.11522
-8.13915
-8.10802
-8.14177
-8.12859
-8.14381
-8.16479
-8.12029
-8.11761
-8.10259
-8.12296
-8.10621
-8.11552
-8.09193
-8.12326
-8.1409
-8.09255
-8.10591
-8.11193
-8.08948
-8.12917
-8.0901
-8.12356
-8.13652
-8.14787
-8.11791
-8.14061
-8.1409
-8.12029
-8.10349
-8.13886
-8.13124
-8.14555
-8.12089
-8.08918
-8.16565
-8.16934
-8.13476
-8.14265
-8.16252
-8.13652
-8.147
-8.14787
-8.13564
-8.14902
-8.15823
-8.14061
-8.16565
-8.14468
-8.19781
-8.17864
-8.18032
-8.18032
-8.20713
-8.1792
-8.22443
-8.1873
-8.19589
-8.20576
-8.23191
-8.22282
-8.2501
-8.21582
-8.2255
-8.24958
-8.24118
-8.27716
-8.26976
-8.25557
-8.27385
-8.30425
-8.30276
-8.31115
-8.32627
-8.30078
-8.32482
-8.30202
-8.34403
-8.34569
-8.34046
-8.34379
-8.36776
-8.38617
-8.3864
-8.42902
-8.40916
-8.42024
-8.44591
-8.43229
-8.46189
-8.48157
-8.48529
-8.51379
-8.53188
-8.53169
-8.5637
-8.52238
-8.57848
-8.59267
-8.60649
-8.65973
-8.64962
-8.66854
-8.69266
-8.68879
-8.71506
-8.76515
-8.77956
-8.81641
-8.8173
-8.8323
-8.86743
-8.90422
-8.91664
-8.95944
-8.98732
-9.02666
-9.06439
-9.09471
-9.13755
-9.19157
-9.22098
-9.30556
-9.34862
-9.40451
-9.46591
-9.54767
-9.62708
-9.70339
-9.8106
-9.93295
-10.0511
-10.2268
-10.4442
-10.7243
-11.1701
-13.5661
