-14.1279
-10.9473
-10.4457
-10.1239
-9.87868
-9.71081
-9.53235
-9.41434
-9.32027
-9.21164
-9.10897
-9.03789
-8.95983
-8.88406
-8.82629
-8.75935
-8.71932
-8.6742
-8.62011
-8.58709
-8.53129
-8.48467
-8.45766
-8.388
-8.34546
-8.3114
-8.327
-8.30672
-8.23403
-8.24879
-8.21933
-8.15622
-8.14671
-8.14265
-8.09071
-8.08209
-8.04975
-8.02878
-8.02813
-8.00703
-7.96867
-7.9363
-7.90618
-7.95437
-7.91863
-7.89506
-7.86519
-7.89208
-7.8411
-7.85516
-7.77486
-7.79235
-7.78281
-7.76642
-7.76217
-7.75405
-7.70706
-7.66996
-7.71468
-7.6857
-7.68294
-7.67647
-7.64731
-7.6774
-7.6212
-7.66903
-7.6034
-7.61923
-7.56631
-7.59589
-7.6034
-7.58731
-7.6044
-7.55381
-7.55329
-7.54062
-7.54697
-7.53316
-7.52294
-7.56838
-7.49109
-7.5251
-7.49499
-7.4961
-7.48997
-7.4742
-7.44542
-7.4378
-7.45761
-7.45991
-7.45876
-7.43838
-7.46566
-7.46394
-7.38523
-7.43248
-7.47022
-7.46049
-7.41878
-7.43485
-7.44366
-7.41397
-7.43956
-7.36708
-7.39326
-7.3473
-7.37526
-7.42058
-7.36834
-7.39695
-7.38585
-7.36708
-7.33759
-7.38275
-7.3696
-7.37463
-7.35564
-7.36391
-7.38337
-7.35244
-7.33824
-7.38088
-7.31655
-7.31655
-7.34148
-7.30384
-7.33889
-7.33954
-7.30854
-7.30452
-7.31122
-7.32909
-7.35116
-7.30921
-7.32712
-7.31522
-7.32909
-7.28345
-7.3192
-7.30921
-7.34278
-7.33171
-7.31322
-7.31189
-7.28961
-7.3025
-7.29302
-7.32119
-7.3192
-7.33954
-7.32712
-7.34794
-7.33824
-7.29029
-7.38212
-7.3601
-7.32975
-7.33498
-7.34213
-7.36391
-7.35436
-7.34213
-7.32712
-7.33237
-7.34923
-7.36771
-7.39572
-7.32251
-7.39142
-7.39018
-7.40732
-7.37149
-7.38461
-7.35116
-7.39634
-7.37776
-7.43544
-7.45124
-7.44425
-7.45588
-7.45182
-7.45991
-7.45298
-7.50384
-7.50549
-7.46851
-7.52726
-7.50659
-7.53423
-7.51043
-7.52726
-7.56735
-7.59136
-7.63579
-7.64826
-7.65397
-7.70616
-7.70616
-7.75961
-7.92117
-7.92117
-7.75961
-7.70616
-7.70616
-7.65397
-7.64826
-7.63579
-7.59136
-7.56735
-7.52726
-7.51043
-7.53423
-7.50659
-7.52726
-7.46851
-7.50549
-7.50384
-7.45298
-7.45991
-7.45182
-7.45588
-7.44425
-7.45124
-7.43544
-7.37776
-7.39634
-7.35116
-7.38461
-7.37149
-7.40732
-7.39018
-7.39142
-7.32251
-7.39572
-7.36771
-7.34923
-7.33237
-7.32712
-7.34213
-7.35436
-7.36391
-7.34213
-7.33498
-7.32975
-7.3601
-7.38212
-7.29029
-7.33824
-7.34794
-7.32712
-7.33954
-7.3192
-7.32119
-7.29302
-7.3025
-7.28961
-7.31189
-7.31322
-7.33171
-7.34278
-7.30921
-7.3192
-7.28345
-7.32909
-7.31522
-7.32712
-7.30921
-7.35116
-7.32909
-7.31122
-7.30452
-7.30854
-7.33954
-7.33889
-7.30384
-7.34148
-7.31655
-7.31655
-7.38088
-7.33824
-7.35244
-7.38337
-7.36391
-7.35564
-7.37463
-7.3696
-7.38275
-7.33759
-7.36708
-7.38585
-7.39695
-7.36834
-7.42058
-7.37526
-7.3473
-7.39326
-7.36708
-7.43956
-7.41397
-7.44366
-7.43485
-7.41878
-7.46049
-7.47022
-7.43248
-7.38523
-7.46394
-7.46566
-7.43838
-7.45876
-7.45991
-7.45761
-7.4378
-7.44542
-7.4742
-7.48997
-7.4961
-7.49499
-7.5251
-7.49109
-7.56838
-7.52294
-7.53316
-7.54697
-7.54062
-7.55329
-7.55381
-7.6044
-7.58731
-7.6034
-7.59589
-7.56631
-7.61923
-7.6034
-7.66903
-7.6212
-7.6774
-7.64731
-7.67647
-7.68294
-7.6857
-7.71468
-7.66996
-7.70706
-7.75405
-7.76217
-7.76642
-7.78281
-7.79235
-7.77486
-7.85516
-7.8411
-7.89208
-7.86519
-7.89506
-7.91863
-7.95437
-7.90618
-7.9363
-7.96867
-8.00703
-8.02813
-8.02878
-8.04975
-8.08209
-8.09071
-8.14265
-8.14671
-8.15622
-8.21933
-8.24879
-8.23403
-8.30672
-8.327
-8.3114
-8.34546
-8.388
-8.45766
-8.48467
-8.53129
-8.58709
-8.62011
-8.6742
-8.71932
-8.75935
-8.82629
-8.88406
-8.95983
-9.03789
-9.10897
-9.21164
-9.32027
-9.41434
-9.53235
-9.71081
-9.87868
-10.1239
-10.4457
-10.9473
-14.1279
