-17.4959
-12.7591
-12.1682
-11.7697
-11.4802
-11.24
-11.0402
-10.8739
-10.7206
-10.6
-10.4654
-10.3736
-10.2876
-10.1861
-10.1219
-10.0609
-9.97236
-9.92535
-9.86386
-9.79607
-9.76221
-9.71493
-9.66269
-9.63083
-9.59411
-9.5523
-9.49912
-9.47509
-9.45336
-9.40722
-9.39533
-9.32688
-9.32545
-9.27322
-9.25713
-9.2458
-9.23367
-9.201
-9.17295
-9.14783
-9.14623
-9.12924
-9.07795
-9.06774
-9.05158
-9.02377
-9.01311
-9.00393
-8.97487
-8.98143
-8.93984
-8.92359
-8.91503
-8.88558
-8.87627
-8.86785
-8.8508
-8.83942
-8.85066
-8.82217
-8.80192
-8.80986
-8.79861
-8.77199
-8.77678
-8.77771
-8.73874
-8.73182
-8.73295
-8.71358
-8.68474
-8.67386
-8.66077
-8.66957
-8.67112
-8.67676
-8.65782
-8.65852
-8.64787
-8.62191
-8.62623
-8.63622
-8.63106
-8.61486
-8.59508
-8.62569
-8.603
-8.58298
-8.6063
-8.57678
-8.56998
-8.58298
-8.56255
-8.5307
-8.57168
-8.55487
-8.54267
-8.52675
-8.55005
-8.53837
-8.53011
-8.53641
-8.54695
-8.52615
-8.53011
-8.48735
-8.52675
-8.52754
-8.50127
-8.52019
-8.50228
-8.4927
-8.52655
-8.49556
-8.50977
-8.49474
-8.50249
-8.49208
-8.50674
-8.50025
-8.47866
-8.489
-8.46126
-8.47804
-8.50066
-8.5311
-8.49126
-8.50269
-8.50188
-8.50208
-8.51399
-8.52794
-8.50289
-8.53405
-8.51659
-8.52516
-8.50936
-8.51719
-8.52595
-8.50856
-8.51919
-8.51359
-8.51319
-8.489
-8.5035
-8.51158
-8.49229
-8.49003
-8.49188
-8.49719
-8.50936
-8.48364
-8.4772
-8.48322
-8.47949
-8.50025
-8.48941
-8.47554
-8.49781
-8.46126
-8.49311
-8.46147
-8.45914
-8.47616
-8.46295
-8.48136
-8.46779
-8.46653
-8.51439
-8.49597
-8.47241
-8.46421
-8.46779
-8.49249
-8.47241
-8.49474
-8.46695
-8.47052
-8.49249
-8.489
-8.50815
-8.47178
-8.50249
-8.48177
-8.53169
-8.52695
-8.51779
-8.53621
-8.57866
-8.54617
-8.5368
-8.57017
-8.54052
-8.60209
-8.59711
-8.61087
-8.63764
-8.67094
-8.66441
-8.7581
-8.72486
-8.63124
-8.59674
-8.55699
-8.5415
-8.50916
-8.47031
-8.46316
-8.44699
-8.42771
-8.41427
-8.42749
-8.39299
-8.3535
-8.38435
-8.35913
-8.33014
-8.30795
-8.31801
-8.31923
-8.29953
-8.31508
-8.31091
-8.2928
-8.28526
-8.25114
-8.25635
-8.24748
-8.2623
-8.22818
-8.26488
-8.26359
-8.22951
-8.23084
-8.2196
-8.20658
-8.19919
-8.21094
-8.19754
-8.21717
-8.18032
-8.19891
-8.18004
-8.17864
-8.18088
-8.14032
-8.16905
-8.16223
-8.21609
-8.16905
-8.16309
-8.147
-8.15794
-8.13035
-8.16337
-8.12534
-8.12711
-8.14323
-8.13124
-8.14265
-8.15191
-8.1188
-8.13623
-8.10651
-8.11761
-8.12976
-8.13827
-8.13329
-8.14439
-8.11642
-8.12445
-8.10621
-8.09986
-8.13065
-8.12148
-8.12267
-8.0956
-8.09986
-8.07059
-8.11193
-8.13623
-8.11642
-8.16337
-8.133
-8.08425
-8.11403
-8.1041
-8.13623
-8.12148
-8.10046
-8.09499
-8.10651
-8.14584
-8.11043
-8.13827
-8.14931
-8.13681
-8.13006
-8.10832
-8.11313
-8.13505
-8.1441
-8.11373
-8.18144
-8.13006
-8.13535
-8.14177
-8.15594
-8.14032
-8.15133
-8.17103
-8.17414
-8.182
-8.17948
-8.18116
-8.15191
-8.20276
-8.20221
-8.23483
-8.16052
-8.16707
-8.21284
-8.20467
-8.21012
-8.21798
-8.23297
-8.23138
-8.20822
-8.21094
-8.2802
-8.2579
-8.27104
-8.26488
-8.27104
-8.30202
-8.32603
-8.29879
-8.33279
-8.32893
-8.31703
-8.31801
-8.31238
-8.34355
-8.35185
-8.36637
-8.36567
-8.388
-8.40581
-8.39954
-8.41317
-8.4722
-8.44269
-8.47157
-8.4602
-8.48281
-8.49883
-8.50289
-8.52595
-8.53719
-8.57187
-8.58392
-8.5841
-8.60685
-8.63888
-8.6433
-8.65312
-8.64083
-8.69951
-8.7045
-8.73681
-8.7559
-8.79649
-8.80672
-8.84347
-8.87347
-8.9118
-8.92292
-8.96623
-8.99194
-9.0216
-9.05029
-9.10554
-9.14313
-9.18122
-9.23102
-9.29155
-9.33636
-9.3998
-9.4572
-9.51951
-9.6196
-9.69941
-9.80984
-9.9201
-10.0568
-10.224
-10.43
-10.7272
-11.1757
-13.5768
