-14.905
-11.5052
-10.9953
-10.6636
-10.4221
-10.2488
-10.0751
-9.95228
-9.82374
-9.73832
-9.6475
-9.55924
-9.4737
-9.41304
-9.34854
-9.27753
-9.23161
-9.17658
-9.13281
-9.07658
-9.03872
-8.98143
-8.97183
-8.92718
-8.88931
-8.84058
-8.79876
-8.79785
-8.75951
-8.7203
-8.68474
-8.6718
-8.63106
-8.6052
-8.61087
-8.57338
-8.5485
-8.537
-8.52258
-8.49105
-8.46716
-8.42024
-8.4349
-8.43988
-8.40872
-8.36567
-8.36101
-8.35937
-8.34165
-8.32506
-8.3202
-8.30474
-8.27385
-8.25894
-8.26256
-8.2351
-8.19285
-8.21419
-8.20358
-8.20467
-8.17752
-8.1522
-8.12415
-8.11582
-8.10953
-8.13153
-8.11403
-8.06589
-8.07403
-8.08117
-8.06684
-8.04398
-8.07993
-8.03657
-8.03008
-8.06401
-8.04109
-8.01268
-7.96381
-8.02388
-8.00403
-7.96832
-7.95963
-7.96797
-7.98684
-7.94768
-7.95015
-7.95121
-7.96242
-7.95367
-7.92588
-7.91352
-7.94058
-7.91681
-7.89878
-7.8808
-7.90655
-7.91279
-7.90286
-7.90802
-7.89096
-7.89952
-7.91608
-7.88796
-7.8774
-7.85941
-7.83637
-7.88908
-7.90544
-7.86672
-7.8536
-7.86749
-7.85671
-7.79317
-7.85593
-7.86557
-7.84424
-7.8332
-7.83913
-7.83162
-7.83716
-7.81843
-7.80098
-7.85671
-7.83439
-7.81682
-7.81722
-7.83201
-7.80751
-7.81964
-7.83281
-7.82365
-7.8148
-7.814
-7.85941
-7.79688
-7.8411
-7.79688
-7.80139
-7.82604
-7.79565
-7.77022
-7.84581
-7.77821
-7.79028
-7.77612
-7.79276
-7.77905
-7.814
-7.80221
-7.79194
-7.82285
-7.82244
-7.7977
-7.81035
-7.78945
-7.80057
-7.80262
-7.75448
-7.78406
-7.79606
-7.80629
-7.78281
-7.80873
-7.77737
-7.81157
-7.79523
-7.80629
-7.78239
-7.79647
-7.82485
-7.83162
-7.78655
-7.81035
-7.84267
-7.81923
-7.83874
-7.84737
-7.85477
-7.83992
-7.84385
-7.85205
-7.8842
-7.86749
-7.89506
-7.90249
-7.90138
-7.89915
-7.91826
-7.90397
-7.90912
-7.9452
-7.9338
-8.00035
-8.01467
-8.01367
-8.03787
-8.08055
-8.08979
-8.19119
-8.18116
-8.09316
-8.06934
-8.00169
-7.97074
-7.98548
-7.96067
-7.89952
-7.88833
-7.87588
-7.86211
-7.86365
-7.84424
-7.84463
-7.85593
-7.84071
-7.80262
-7.8067
-7.79028
-7.78447
-7.75319
-7.79729
-7.78904
-7.7463
-7.76217
-7.78364
-7.73718
-7.72709
-7.76132
-7.72754
-7.712
-7.7411
-7.72312
-7.72842
-7.72135
-7.7003
-7.72268
-7.70165
-7.7562
-7.6695
-7.69029
-7.68248
-7.69848
-7.7111
-7.69485
-7.7178
-7.69394
-7.71913
-7.72356
-7.64731
-7.71334
-7.70616
-7.67415
-7.6811
-7.6587
-7.67276
-7.66341
-7.69029
-7.65064
-7.69803
-7.69394
-7.6587
-7.67183
-7.68983
-7.67415
-7.70616
-7.70481
-7.67694
-7.66294
-7.68064
-7.70436
-7.64492
-7.69166
-7.69803
-7.66482
-7.71468
-7.70931
-7.66388
-7.688
-7.66059
-7.68524
-7.72002
-7.68248
-7.69439
-7.74284
-7.70075
-7.67971
-7.71557
-7.72974
-7.70931
-7.72798
-7.76726
-7.75362
-7.67322
-7.70526
-7.72886
-7.73412
-7.77737
-7.7476
-7.77233
-7.7562
-7.74889
-7.76938
-7.79028
-7.75748
-7.77107
-7.7463
-7.76387
-7.78821
-7.79111
-7.85477
-7.80832
-7.78072
-7.8067
-7.81157
-7.84149
-7.79811
-7.794
-7.85205
-7.86211
-7.86825
-7.8501
-7.84893
-7.90175
-7.90544
-7.8808
-7.85477
-7.91169
-7.89915
-7.90064
-7.94201
-7.90323
-7.89618
-7.95472
-7.98854
-7.94343
-7.9865
-7.92841
-7.99564
-7.9848
-8.05643
-8.05389
-8.05166
-8.04559
-8.07371
-8.08364
-8.10107
-8.11223
-8.11073
-8.1371
-8.16479
-8.1496
-8.18646
-8.17583
-8.20686
-8.22175
-8.23563
-8.25323
-8.2255
-8.27104
-8.31361
-8.32361
-8.35467
-8.34972
-8.40021
-8.4187
-8.40021
-8.45169
-8.47136
-8.49862
-8.52437
-8.55584
-8.60941
-8.59619
-8.644
-8.67368
-8.70135
-8.76437
-8.77122
-8.83405
-8.83855
-8.91691
-8.94507
-9.00822
-9.05193
-9.10242
-9.17337
-9.23854
-9.31848
-9.39258
-9.47001
-9.57053
-9.68831
-9.80383
-9.96449
-10.1339
-10.3531
-10.6741
-11.1593
-13.9386
