-15.3782
-11.7363
-11.2126
-10.8824
-10.6432
-10.4624
-10.2927
-10.1603
-10.023
-9.94568
-9.85246
-9.7648
-9.68856
-9.63233
-9.55577
-9.49032
-9.44565
-9.39823
-9.32848
-9.29551
-9.2459
-9.21274
-9.16827
-9.14335
-9.09874
-9.04133
-9.03181
-9.00577
-8.9452
-8.94937
-8.90232
-8.87543
-8.85395
-8.826
-8.78981
-8.77509
-8.75794
-8.71981
-8.71309
-8.66458
-8.68186
-8.64153
-8.65137
-8.62856
-8.61559
-8.57603
-8.56236
-8.52576
-8.53974
-8.51559
-8.51138
-8.48673
-8.4701
-8.44333
-8.47533
-8.45532
-8.4312
-8.40492
-8.37078
-8.38617
-8.35984
-8.3395
-8.34022
-8.33591
-8.30251
-8.34901
-8.30869
-8.29854
-8.28046
-8.2918
-8.27334
-8.22282
-8.22175
-8.23217
-8.23642
-8.24012
-8.19035
-8.21528
-8.17132
-8.1934
-8.19644
-8.19008
-8.1194
-8.11552
-8.16138
-8.13681
-8.14468
-8.12207
-8.11403
-8.11073
-8.10228
-8.08856
-8.04815
-8.11373
-8.07122
-8.05674
-8.08672
-8.05611
-8.05991
-8.06934
-8.04751
-8.07403
-8.01036
-8.02552
-8.0037
-7.98242
-8.00269
-8.03657
-8.03204
-7.9899
-7.98684
-7.97488
-7.97488
-7.96832
-7.96832
-7.95332
-7.9505
-7.94556
-7.92877
-7.92769
-7.92045
-7.95578
-7.93595
-7.93809
-7.92516
-7.93487
-7.90765
-7.94591
-7.93236
-7.91425
-7.93952
-7.90212
-7.91279
-7.94556
-7.95262
-7.94697
-7.93128
-7.92516
-7.94485
-7.92299
-7.95578
-7.9388
-7.91425
-7.90802
-7.91022
-7.93845
-7.90101
-7.90027
-7.8973
-7.92443
-7.91206
-7.89878
-7.9047
-7.91498
-7.93916
-7.93128
-7.91462
-7.92407
-7.90286
-7.90802
-7.89283
-7.94094
-7.91096
-7.91608
-7.9179
-7.90949
-7.92769
-7.89915
-7.91936
-7.92949
-7.94236
-7.92696
-7.89544
-7.91863
-7.96728
-7.93916
-7.93845
-7.97831
-7.93845
-7.95578
-7.96763
-7.95472
-7.99463
-7.96624
-7.98242
-7.95332
-8.0077
-8.02421
-8.00503
-7.98037
-8.01003
-8.02552
-8.05864
-8.07091
-8.12385
-8.16366
-8.13124
-8.13329
-8.20658
-8.30746
-8.28046
-8.1834
-8.09438
-8.08178
-8.13035
-8.06809
-8.04077
-7.98105
-7.99463
-7.94591
-7.93487
-7.9645
-7.96137
-7.92008
-7.87512
-7.90839
-7.92371
-7.91571
-7.86902
-7.89655
-7.85709
-7.88683
-7.87055
-7.8462
-7.85166
-7.84463
-7.83241
-7.80344
-7.81359
-7.83479
-7.83992
-7.79028
-7.81521
-7.82325
-7.79111
-7.82204
-7.82525
-7.80547
-7.80098
-7.76557
-7.80751
-7.75662
-7.7803
-7.8071
-7.79111
-7.76896
-7.77528
-7.75919
-7.76599
-7.76642
-7.794
-7.76684
-7.76345
-7.76938
-7.77695
-7.74066
-7.77863
-7.75919
-7.78655
-7.77275
-7.7803
-7.75919
-7.73325
-7.76217
-7.74846
-7.77612
-7.78489
-7.72356
-7.74544
-7.735
-7.73456
-7.75148
-7.76089
-7.77317
-7.73368
-7.72489
-7.78197
-7.71869
-7.78322
-7.73979
-7.74327
-7.74327
-7.75961
-7.74414
-7.79606
-7.76004
-7.74457
-7.77149
-7.78447
-7.82124
-7.8071
-7.82724
-7.81561
-7.81359
-7.77107
-7.80303
-7.80303
-7.77905
-7.80221
-7.79565
-7.81803
-7.82684
-7.81964
-7.83439
-7.81319
-7.82764
-7.85903
-7.85088
-7.84346
-7.85787
-7.87093
-7.84267
-7.87017
-7.86557
-7.89133
-7.89581
-7.82604
-7.87929
-7.89581
-7.93487
-7.90544
-7.95191
-7.95297
-7.9047
-7.97143
-7.96346
-7.97419
-7.94768
-7.97419
-7.96728
-8.00537
-7.99362
-7.98888
-7.99261
-8.03333
-8.02976
-8.02846
-8.0542
-8.03366
-8.05643
-8.07683
-8.08209
-8.11133
-8.1608
-8.14148
-8.13593
-8.15766
-8.16508
-8.16166
-8.1873
-8.20522
-8.20876
-8.22791
-8.2255
-8.25764
-8.28476
-8.29953
-8.31385
-8.32458
-8.33447
-8.33038
-8.36381
-8.39254
-8.41228
-8.43988
-8.44934
-8.47408
-8.48094
-8.51539
-8.54966
-8.56979
-8.58073
-8.64242
-8.65765
-8.67659
-8.7093
-8.7456
-8.80956
-8.80986
-8.84174
-8.90164
-8.92891
-8.99925
-9.02906
-9.08455
-9.14206
-9.20442
-9.25846
-9.34225
-9.40624
-9.50092
-9.57734
-9.69923
-9.8188
-9.97432
-10.1459
-10.3663
-10.6715
-11.1689
-13.8913
