-15.7015
-11.911
-11.3967
-11.0557
-10.8171
-10.6164
-10.4631
-10.3314
-10.2088
-10.1122
-10.01
-9.93852
-9.85435
-9.79211
-9.72023
-9.6565
-9.61213
-9.52988
-9.50517
-9.45007
-9.41353
-9.36709
-9.32652
-9.28619
-9.25158
-9.2019
-9.15038
-9.15957
-9.12424
-9.08806
-9.06312
-9.0092
-8.98394
-8.97474
-8.96226
-8.93314
-8.88834
-8.87445
-8.85552
-8.84434
-8.83142
-8.78539
-8.76265
-8.75715
-8.73585
-8.7397
-8.72924
-8.67556
-8.68963
-8.66043
-8.6273
-8.63266
-8.60594
-8.57282
-8.59249
-8.56064
-8.54966
-8.49781
-8.50613
-8.48673
-8.48941
-8.47052
-8.47303
-8.44548
-8.43359
-8.41072
-8.41582
-8.38412
-8.36101
-8.40223
-8.37217
-8.34522
-8.33759
-8.34901
-8.30375
-8.31312
-8.28501
-8.29705
-8.27589
-8.28248
-8.25764
-8.25739
-8.24801
-8.22013
-8.23959
-8.20931
-8.19008
-8.18256
-8.16138
-8.20985
-8.21284
-8.17188
-8.15018
-8.10651
-8.13006
-8.14119
-8.16109
-8.15794
-8.14671
-8.11999
-8.12652
-8.11073
-8.13681
-8.08425
-8.08148
-8.11163
-8.07869
-8.06746
-8.11013
-8.07434
-8.06149
-8.06527
-8.04527
-8.0523
-8.08055
-8.04783
-8.04911
-8.01698
-8.04623
-8.06149
-8.01268
-8.03754
-8.04591
-8.0618
-8.02846
-8.02617
-8.03236
-8.03851
-8.03366
-8.02453
-8.01994
-8.05833
-8.06086
-8.03333
-8.05261
-8.05706
-7.99766
-8.03528
-8.03398
-8.03593
-8.0427
-8.03366
-8.03948
-8.03171
-8.0369
-8.02682
-8.0067
-8.0229
-8.02093
-8.0087
-7.98378
-8.00437
-7.97934
-8.02976
-8.06338
-8.0057
-8.01334
-8.02748
-7.99699
-8.02453
-8.02943
-8.02158
-8.03171
-8.02027
-8.01069
-8.01036
-8.0097
-8.00437
-8.00303
-8.05389
-8.02322
-8.03398
-8.02257
-8.02682
-8.05325
-8.0507
-8.01268
-8.05548
-8.07589
-8.05389
-8.04655
-8.0959
-8.11163
-8.05484
-8.06149
-8.06306
-8.09955
-8.08795
-8.12385
-8.10107
-8.13006
-8.13564
-8.14873
-8.12859
-8.18479
-8.19506
-8.22631
-8.23324
-8.29105
-8.37747
-8.34664
-8.23191
-8.20358
-8.15393
-8.1441
-8.14177
-8.08825
-8.07745
-8.06149
-8.03528
-8.05738
-8.04206
-8.01994
-8.01102
-8.00637
-7.96416
-7.99159
-7.99766
-7.98888
-7.96763
-7.95015
-7.94768
-7.92732
-7.90839
-7.93809
-7.92045
-7.91936
-7.90286
-7.91826
-7.89544
-7.89841
-7.87929
-7.90618
-7.8774
-7.8598
-7.88269
-7.86978
-7.86365
-7.87398
-7.86825
-7.89878
-7.83676
-7.85593
-7.85127
-7.85322
-7.88683
-7.834
-7.83755
-7.81359
-7.82044
-7.83003
-7.8755
-7.79565
-7.82804
-7.82164
-7.85941
-7.84971
-7.8332
-7.80995
-7.81521
-7.83597
-7.82325
-7.76896
-7.83082
-7.83518
-7.82084
-7.82244
-7.86557
-7.83201
-7.81278
-7.83953
-7.814
-7.81238
-7.79975
-7.82604
-7.83637
-7.82724
-7.83122
-7.82525
-7.82445
-7.85127
-7.80384
-7.81561
-7.85088
-7.834
-7.85205
-7.82963
-7.84385
-7.84932
-7.83676
-7.8462
-7.88871
-7.85166
-7.82724
-7.89283
-7.87246
-7.83281
-7.86596
-7.86978
-7.86902
-7.87093
-7.88533
-7.89767
-7.90175
-7.90839
-7.90875
-7.83281
-7.91681
-7.92045
-7.94307
-7.93666
-7.91717
-7.89245
-7.89058
-7.94272
-7.92841
-7.9248
-7.96867
-7.95402
-7.96901
-7.9848
-7.95085
-7.97728
-7.97178
-8.0097
-7.9645
-8.02191
-7.99733
-8.02191
-8.03366
-8.06903
-8.03528
-8.04783
-8.0762
-8.08209
-8.07465
-8.07776
-8.09864
-8.11283
-8.11103
-8.09682
-8.13769
-8.13065
-8.17103
-8.1277
-8.19836
-8.17386
-8.19891
-8.23907
-8.2501
-8.24958
-8.29879
-8.2247
-8.30499
-8.27589
-8.33038
-8.32579
-8.3299
-8.36846
-8.37931
-8.42398
-8.4029
-8.41405
-8.45404
-8.48673
-8.4929
-8.477
-8.53837
-8.57111
-8.58204
-8.61849
-8.63586
-8.64752
-8.66561
-8.704
-8.75432
-8.79057
-8.81374
-8.8639
-8.88834
-8.92066
-8.98657
-8.98882
-9.06866
-9.11173
-9.17077
-9.23367
-9.30865
-9.38295
-9.41963
-9.52003
-9.59893
-9.71896
-9.84665
-9.99798
-10.1593
-10.3828
-10.693
-11.1684
-13.8457
