-15.9517
-12.0249
-11.501
-11.1776
-10.9266
-10.7397
-10.5729
-10.4437
-10.3235
-10.2207
-10.1185
-10.0418
-9.94731
-9.88369
-9.82184
-9.75719
-9.68862
-9.65374
-9.59479
-9.5508
-9.4977
-9.46382
-9.41947
-9.38555
-9.34601
-9.29339
-9.25627
-9.22168
-9.20613
-9.15271
-9.13809
-9.09167
-9.07498
-9.04688
-8.99504
-8.98294
-8.96725
-8.9539
-8.93393
-8.92745
-8.87557
-8.86686
-8.8622
-8.83463
-8.82644
-8.79785
-8.77756
-8.75873
-8.71604
-8.71915
-8.69517
-8.69098
-8.67403
-8.62784
-8.62281
-8.60502
-8.56598
-8.56255
-8.55198
-8.55237
-8.50451
-8.53641
-8.50289
-8.49781
-8.48198
-8.46485
-8.4198
-8.41294
-8.41228
-8.40537
-8.40693
-8.41183
-8.39863
-8.37586
-8.35843
-8.35373
-8.32264
-8.29705
-8.32845
-8.32482
-8.32264
-8.30152
-8.2963
-8.27665
-8.29555
-8.30598
-8.25192
-8.23642
-8.23616
-8.23164
-8.24407
-8.23191
-8.20029
-8.18088
-8.22524
-8.22309
-8.22175
-8.21501
-8.2044
-8.1778
-8.15335
-8.19478
-8.19506
-8.16735
-8.15421
-8.19533
-8.12385
-8.15479
-8.17583
-8.13476
-8.14119
-8.14729
-8.12207
-8.12888
-8.13447
-8.12652
-8.13915
-8.1191
-8.11851
-8.10892
-8.07714
-8.07184
-8.11193
-8.09377
-8.12888
-8.09864
-8.05801
-8.09955
-8.10682
-8.0904
-8.11552
-8.11552
-8.15794
-8.08209
-8.12415
-8.13681
-8.08055
-8.11761
-8.12888
-8.09132
-8.08364
-8.11073
-8.11133
-8.10832
-8.10953
-8.10289
-8.08024
-8.10802
-8.08887
-8.11343
-8.08979
-8.08549
-8.11403
-8.06934
-8.11103
-8.05007
-8.07091
-8.06997
-8.10651
-8.05548
-8.08086
-8.07216
-8.11582
-8.08856
-8.07278
-8.10772
-8.08979
-8.09803
-8.11761
-8.08271
-8.09834
-8.10137
-8.07589
-8.10682
-8.12563
-8.10046
-8.11043
-8.11522
-8.09071
-8.11253
-8.13153
-8.13476
-8.128
-8.13447
-8.15335
-8.17611
-8.17695
-8.1747
-8.16394
-8.15565
-8.1934
-8.18032
-8.19946
-8.23456
-8.23774
-8.2446
-8.27155
-8.30721
-8.33423
-8.40716
-8.39322
-8.30499
-8.25635
-8.21447
-8.22524
-8.18256
-8.16223
-8.12947
-8.12326
-8.11043
-8.10922
-8.08209
-8.09316
-8.08178
-8.09163
-8.05706
-8.02682
-8.04431
-8.02976
-8.01036
-8.01665
-8.02519
-8.01169
-8.01566
-8.00136
-8.01599
-7.9865
-7.96589
-7.98684
-7.96207
-7.96555
-7.94768
-7.96485
-7.92841
-7.95997
-7.9505
-7.90912
-7.94094
-7.93987
-7.91462
-7.88231
-7.94378
-7.88608
-7.90286
-7.87131
-7.95543
-7.89208
-7.89021
-7.86211
-7.9047
-7.90286
-7.91571
-7.8808
-7.89058
-7.8536
-7.91425
-7.86978
-7.89878
-7.86327
-7.86134
-7.91132
-7.86096
-7.87474
-7.86327
-7.89395
-7.8808
-7.83755
-7.90064
-7.86596
-7.84737
-7.86749
-7.86327
-7.86557
-7.83043
-7.86134
-7.88908
-7.86711
-7.87626
-7.83043
-7.85399
-7.88721
-7.87169
-7.88571
-7.87664
-7.88194
-7.88269
-7.90138
-7.90949
-7.91425
-7.88194
-7.91863
-7.89952
-7.8973
-7.89021
-7.91316
-7.91022
-7.91535
-7.94874
-7.92516
-7.90875
-7.90839
-7.94449
-7.92696
-7.96067
-7.94378
-7.92407
-7.91169
-7.92805
-7.94733
-7.95928
-7.97556
-7.95437
-7.94058
-7.94449
-7.99396
-7.99497
-7.93021
-8.01334
-7.98173
-8.03883
-8.02355
-8.04655
-8.01102
-7.99362
-8.03819
-8.03754
-8.0523
-8.05706
-8.06684
-8.03787
-8.08302
-8.0542
-8.07309
-8.06684
-8.11103
-8.13886
-8.10682
-8.13329
-8.17273
-8.13153
-8.15104
-8.17132
-8.15737
-8.1716
-8.2169
-8.22577
-8.21636
-8.26153
-8.25505
-8.26848
-8.29729
-8.28853
-8.2958
-8.31041
-8.32627
-8.34117
-8.3589
-8.40537
-8.3914
-8.40514
-8.44161
-8.42836
-8.45872
-8.46421
-8.48653
-8.50188
-8.5033
-8.55526
-8.57659
-8.63515
-8.6165
-8.66354
-8.6844
-8.71161
-8.74767
-8.79392
-8.82453
-8.83434
-8.89179
-8.89151
-8.95558
-8.97992
-9.03789
-9.07337
-9.13281
-9.17699
-9.2399
-9.286
-9.38782
-9.46723
-9.53864
-9.63991
-9.72925
-9.85251
-10.0039
-10.1721
-10.3998
-10.6907
-11.169
-13.8115
