-16.1563
-12.1106
-11.5795
-11.2383
-11.0015
-10.808
-10.6308
-10.503
-10.3834
-10.288
-10.185
-10.0919
-10.0041
-9.93217
-9.87612
-9.80802
-9.7529
-9.68955
-9.62694
-9.58418
-9.5359
-9.4989
-9.45853
-9.40771
-9.36897
-9.32866
-9.30629
-9.27585
-9.22847
-9.17926
-9.16388
-9.12967
-9.1062
-9.08908
-9.07004
-9.03169
-9.01809
-8.97436
-8.97246
-8.93643
-8.90639
-8.86503
-8.87905
-8.84908
-8.81745
-8.79346
-8.78569
-8.75511
-8.76405
-8.7098
-8.7144
-8.67368
-8.67009
-8.6498
-8.62191
-8.63799
-8.60685
-8.58896
-8.60282
-8.55949
-8.56178
-8.52912
-8.54247
-8.49188
-8.5033
-8.48032
-8.46379
-8.4457
-8.44484
-8.43577
-8.43294
-8.43011
-8.42574
-8.41317
-8.38868
-8.40716
-8.35773
-8.37701
-8.35655
-8.31557
-8.36031
-8.32942
-8.31361
-8.28652
-8.2953
-8.31041
-8.30449
-8.27563
-8.27639
-8.28172
-8.30053
-8.23004
-8.25271
-8.26101
-8.21798
-8.20549
-8.2467
-8.22738
-8.24801
-8.22121
-8.18535
-8.23536
-8.20931
-8.20767
-8.17695
-8.18869
-8.18088
-8.18591
-8.1898
-8.18172
-8.15335
-8.19506
-8.1568
-8.13564
-8.1806
-8.13153
-8.16622
-8.15766
-8.17555
-8.15393
-8.13593
-8.15277
-8.16962
-8.13065
-8.15594
-8.14061
-8.12917
-8.10832
-8.13681
-8.12089
-8.17386
-8.18535
-8.14061
-8.15191
-8.11672
-8.16366
-8.15651
-8.1628
-8.15277
-8.16423
-8.15622
-8.14352
-8.13505
-8.12118
-8.14873
-8.14555
-8.15335
-8.14177
-8.11851
-8.13006
-8.11462
-8.11462
-8.13182
-8.15277
-8.12356
-8.14584
-8.11582
-8.13065
-8.10953
-8.15909
-8.08887
-8.16023
-8.09407
-8.12059
-8.13447
-8.13388
-8.12917
-8.15335
-8.11073
-8.14816
-8.15277
-8.17132
-8.14902
-8.17329
-8.14468
-8.15191
-8.14845
-8.18702
-8.17836
-8.15909
-8.19285
-8.22013
-8.17075
-8.2033
-8.20604
-8.20604
-8.22577
-8.20822
-8.22363
-8.19561
-8.23377
-8.24407
-8.22497
-8.26333
-8.28577
-8.30672
-8.30449
-8.34972
-8.36194
-8.50249
-8.47449
-8.33854
-8.29255
-8.24407
-8.25557
-8.23271
-8.20001
-8.15651
-8.18702
-8.16366
-8.10772
-8.12207
-8.12296
-8.11761
-8.13241
-8.12326
-8.07714
-8.0684
-8.05769
-8.08425
-8.03851
-8.07652
-8.07371
-8.02584
-7.9865
-8.0097
-8.01301
-7.99328
-8.02715
-7.99834
-8.03819
-7.97488
-7.97212
-7.97074
-7.96311
-7.99699
-7.94874
-7.93308
-7.95437
-7.95226
-7.94378
-7.92769
-7.9452
-7.90765
-7.95683
-7.93272
-7.91535
-7.93987
-7.96172
-7.92516
-7.92552
-7.94201
-7.92117
-7.90138
-7.91132
-7.9179
-7.92877
-7.90581
-7.91754
-7.92154
-7.96032
-7.90765
-7.9047
-7.92624
-7.89804
-7.88382
-7.9047
-7.90175
-7.932
-7.90618
-7.88871
-7.91059
-7.85049
-7.86365
-7.87967
-7.90912
-7.91498
-7.8336
-7.90323
-7.91462
-7.9266
-7.92262
-7.8999
-7.9036
-7.91022
-7.94626
-7.91059
-7.89432
-7.96067
-7.86519
-7.92008
-7.92226
-7.91681
-7.89915
-7.92117
-7.96485
-7.95683
-7.92949
-7.94378
-7.94556
-7.96901
-7.979
-7.9652
-7.9848
-7.96067
-7.96589
-7.99834
-7.98037
-7.94909
-8.0206
-8.00737
-7.98786
-7.99497
-7.99867
-8.03463
-8.00035
-8.0037
-8.0356
-8.03139
-8.02911
-8.05389
-8.05484
-8.09071
-8.02976
-8.10953
-8.03916
-8.08856
-8.0904
-8.13476
-8.09316
-8.12445
-8.09682
-8.09682
-8.12118
-8.14931
-8.14381
-8.13035
-8.17639
-8.1747
-8.1806
-8.21555
-8.21311
-8.19285
-8.19146
-8.26101
-8.20904
-8.23138
-8.27767
-8.26488
-8.2933
-8.28904
-8.32579
-8.32142
-8.34451
-8.34379
-8.37124
-8.40111
-8.4105
-8.39706
-8.43642
-8.44741
-8.4772
-8.47115
-8.49413
-8.52615
-8.54422
-8.56636
-8.57716
-8.60282
-8.60758
-8.62784
-8.68322
-8.71522
-8.74528
-8.76857
-8.7837
-8.80927
-8.85495
-8.89302
-8.94351
-8.94102
-9.017
-9.04606
-9.12347
-9.15514
-9.2011
-9.26265
-9.31245
-9.41173
-9.46939
-9.55088
-9.64446
-9.76423
-9.86293
-10.0236
-10.1952
-10.4091
-10.7072
-11.1837
-13.7835
