-16.3197
-12.2283
-11.7057
-11.3722
-11.1231
-10.9251
-10.7508
-10.6181
-10.4998
-10.3886
-10.2867
-10.1966
-10.1286
-10.0475
-9.9882
-9.90823
-9.86068
-9.77894
-9.72836
-9.6988
-9.6341
-9.59669
-9.54952
-9.51207
-9.47132
-9.41662
-9.38076
-9.3397
-9.30073
-9.27369
-9.24038
-9.21354
-9.19228
-9.1543
-9.1491
-9.10142
-9.08046
-9.04499
-9.04086
-8.9862
-8.95803
-8.94559
-8.92039
-8.9118
-8.87122
-8.84188
-8.80642
-8.80837
-8.82306
-8.76935
-8.757
-8.73713
-8.74608
-8.70897
-8.68845
-8.67795
-8.65382
-8.65032
-8.66371
-8.61812
-8.62945
-8.61087
-8.57716
-8.55584
-8.56198
-8.5637
-8.52138
-8.51919
-8.49433
-8.50714
-8.468
-8.48074
-8.50512
-8.45063
-8.4551
-8.46421
-8.41205
-8.42464
-8.37517
-8.44376
-8.4198
-8.41781
-8.39367
-8.3848
-8.37931
-8.38754
-8.3724
-8.34379
-8.33711
-8.33783
-8.32531
-8.33663
-8.31825
-8.3163
-8.30251
-8.2913
-8.30845
-8.31728
-8.32166
-8.26796
-8.2741
-8.28096
-8.26873
-8.27919
-8.2797
-8.27767
-8.26075
-8.2769
-8.2579
-8.26771
-8.24617
-8.25998
-8.22844
-8.21663
-8.22524
-8.24197
-8.25713
-8.24144
-8.21528
-8.23217
-8.2388
-8.24197
-8.20767
-8.2255
-8.21717
-8.22497
-8.24433
-8.22871
-8.26256
-8.22951
-8.24433
-8.23058
-8.23297
-8.26282
-8.25349
-8.2501
-8.23058
-8.2845
-8.24144
-8.22711
-8.23217
-8.22336
-8.23483
-8.21582
-8.22898
-8.21284
-8.2033
-8.2104
-8.21663
-8.23907
-8.19174
-8.22631
-8.17976
-8.20495
-8.21419
-8.22443
-8.21501
-8.22844
-8.18368
-8.18897
-8.18284
-8.21148
-8.22631
-8.20931
-8.22067
-8.23111
-8.20276
-8.21852
-8.24984
-8.21175
-8.2123
-8.19754
-8.20904
-8.22202
-8.21067
-8.24276
-8.22121
-8.2196
-8.23191
-8.22604
-8.25635
-8.23854
-8.25375
-8.22844
-8.23164
-8.24617
-8.27308
-8.28753
-8.28627
-8.27665
-8.31825
-8.29405
-8.32215
-8.34332
-8.34948
-8.37632
-8.38822
-8.43076
-8.44269
-8.56655
-8.53149
-8.39661
-8.37309
-8.33207
-8.3185
-8.28753
-8.27487
-8.26101
-8.2204
-8.20166
-8.1699
-8.20549
-8.18702
-8.1568
-8.12711
-8.1188
-8.16223
-8.13476
-8.13182
-8.09955
-8.08055
-8.10137
-8.0684
-8.06243
-8.07247
-8.03463
-8.08795
-8.05643
-8.0398
-8.07496
-8.07184
-8.03496
-8.01235
-8.02748
-8.04238
-8.05038
-8.03787
-8.02617
-7.99058
-7.99024
-7.96797
-7.98071
-7.99834
-7.97419
-8.01665
-8.0057
-7.95226
-7.97453
-7.99834
-7.99564
-7.95858
-7.96867
-7.96416
-7.96624
-7.96311
-7.97143
-7.93916
-7.96485
-7.97316
-7.96589
-7.94733
-7.96728
-7.96555
-7.99497
-7.96763
-7.96901
-7.97694
-7.93845
-7.95543
-7.96901
-7.93021
-7.95997
-7.95648
-7.98139
-7.92913
-7.91352
-7.95718
-7.94485
-7.95788
-7.95367
-7.97281
-7.94236
-7.95753
-7.98786
-7.932
-7.96102
-7.95015
-7.93344
-7.9735
-7.97109
-7.99968
-7.95683
-7.95823
-7.96416
-7.93416
-7.97178
-7.97831
-7.97831
-7.99159
-7.98412
-7.99058
-8.01764
-7.99632
-7.99125
-8.014
-8.00803
-8.01301
-8.02126
-8.01665
-8.03593
-8.02617
-8.02682
-8.02519
-8.05484
-8.05833
-8.03625
-8.04431
-8.07403
-8.0734
-8.08117
-8.09895
-8.02911
-8.09682
-8.07403
-8.12829
-8.12504
-8.07745
-8.14758
-8.14468
-8.10107
-8.12207
-8.11013
-8.13944
-8.16138
-8.22791
-8.15565
-8.16479
-8.20576
-8.24144
-8.20111
-8.23111
-8.21771
-8.23111
-8.26976
-8.24486
-8.27155
-8.27894
-8.29804
-8.28324
-8.31728
-8.3542
-8.35467
-8.3464
-8.32385
-8.36474
-8.4187
-8.41427
-8.42288
-8.4487
-8.45532
-8.47595
-8.52337
-8.5305
-8.53993
-8.55391
-8.57508
-8.57998
-8.61776
-8.63569
-8.6387
-8.68761
-8.69684
-8.74082
-8.75574
-8.78202
-8.83725
-8.85595
-8.87221
-8.93168
-8.96444
-9.00135
-9.01882
-9.07004
-9.13162
-9.16241
-9.22523
-9.26993
-9.336
-9.40919
-9.48532
-9.57332
-9.64498
-9.76405
-9.87555
-10.0335
-10.1937
-10.4114
-10.7106
-11.1798
-13.7444
