-16.4671
-12.2838
-11.7504
-11.4065
-11.1625
-10.9723
-10.7997
-10.6581
-10.5352
-10.4326
-10.3255
-10.233
-10.1537
-10.0737
-10.0063
-9.93702
-9.8721
-9.82444
-9.75892
-9.70723
-9.65784
-9.59424
-9.54574
-9.51488
-9.47739
-9.42254
-9.39483
-9.36229
-9.32438
-9.3
-9.26227
-9.22365
-9.17337
-9.17368
-9.12282
-9.07406
-9.08126
-9.04759
-9.04169
-8.99628
-8.95905
-8.94089
-8.94442
-8.89686
-8.89069
-8.86799
-8.83419
-8.81685
-8.80717
-8.79921
-8.76889
-8.7628
-8.76405
-8.73085
-8.68694
-8.67812
-8.67146
-8.68305
-8.6822
-8.658
-8.60776
-8.59212
-8.62389
-8.58933
-8.58504
-8.56446
-8.55949
-8.55101
-8.54792
-8.52754
-8.4976
-8.50167
-8.47616
-8.48879
-8.46421
-8.47031
-8.47554
-8.46716
-8.46316
-8.44419
-8.41094
-8.43837
-8.41205
-8.41317
-8.40961
-8.37402
-8.38731
-8.36684
-8.35585
-8.39751
-8.34712
-8.37563
-8.32434
-8.35796
-8.33447
-8.30771
-8.34165
-8.31434
-8.32337
-8.3395
-8.29054
-8.31508
-8.30721
-8.32434
-8.29804
-8.30968
-8.30202
-8.27894
-8.28349
-8.25946
-8.28526
-8.28828
-8.26539
-8.26411
-8.28501
-8.25972
-8.27283
-8.27792
-8.22951
-8.23695
-8.25349
-8.27868
-8.2514
-8.27129
-8.29729
-8.29054
-8.25349
-8.25036
-8.25166
-8.24512
-8.24276
-8.26539
-8.2592
-8.28551
-8.3035
-8.29655
-8.26899
-8.26153
-8.25557
-8.304
-8.28728
-8.2695
-8.25842
-8.25375
-8.24931
-8.26591
-8.25192
-8.2623
-8.24801
-8.23854
-8.22657
-8.24722
-8.25036
-8.25972
-8.25297
-8.25635
-8.20276
-8.23986
-8.26771
-8.24512
-8.22871
-8.25505
-8.25764
-8.25245
-8.26848
-8.23907
-8.25842
-8.2255
-8.25375
-8.26771
-8.24931
-8.24643
-8.22121
-8.24643
-8.26822
-8.2247
-8.27385
-8.26075
-8.25998
-8.26075
-8.27868
-8.27639
-8.25557
-8.28577
-8.26822
-8.28979
-8.2718
-8.34403
-8.30375
-8.34332
-8.35514
-8.34972
-8.37793
-8.36101
-8.39276
-8.43142
-8.40626
-8.44763
-8.46863
-8.58765
-8.5366
-8.44312
-8.40201
-8.36241
-8.3582
-8.30474
-8.29705
-8.27919
-8.25479
-8.24722
-8.22818
-8.23138
-8.20686
-8.16536
-8.18004
-8.16593
-8.17216
-8.13212
-8.128
-8.14729
-8.11043
-8.1409
-8.0959
-8.13417
-8.09285
-8.09407
-8.11851
-8.06558
-8.08425
-8.10077
-8.08148
-8.05452
-8.06966
-8.0356
-8.06369
-8.05007
-8.06086
-8.04334
-8.03528
-8.03431
-8.03106
-8.05801
-8.01599
-7.99766
-8.01731
-8.02846
-8.01102
-7.96832
-8.03139
-7.99968
-7.98616
-8.00403
-8.02257
-7.97074
-7.99699
-7.98105
-8.00403
-8.00637
-8.0087
-7.98276
-8.02519
-7.99934
-7.98752
-7.99463
-7.98139
-7.95578
-7.97109
-7.94697
-7.98105
-7.94023
-7.98037
-7.99531
-8.00102
-7.9899
-7.98854
-7.98173
-7.96763
-7.95963
-7.97212
-7.92443
-7.95997
-7.95156
-7.97178
-7.97694
-7.96242
-7.9848
-7.96067
-7.9899
-7.98514
-7.9882
-8.01169
-7.96032
-7.99733
-7.97522
-8.01334
-8.00269
-8.03106
-7.98786
-8.01895
-8.01467
-7.99564
-8.00837
-8.00001
-8.02682
-8.015
-7.99497
-8.03787
-8.02584
-8.04815
-8.05928
-8.03948
-8.04719
-8.04366
-8.05166
-8.04398
-8.06589
-8.06149
-8.10621
-8.07278
-8.07496
-8.10802
-8.10228
-8.10168
-8.11672
-8.09895
-8.11492
-8.11761
-8.11432
-8.13827
-8.13505
-8.17132
-8.17216
-8.18619
-8.17245
-8.18172
-8.21879
-8.20467
-8.20686
-8.19699
-8.22871
-8.24302
-8.28703
-8.25114
-8.28147
-8.26333
-8.26333
-8.30474
-8.30746
-8.32337
-8.31459
-8.36567
-8.34093
-8.36637
-8.38137
-8.40649
-8.40088
-8.40156
-8.44441
-8.42661
-8.48322
-8.49085
-8.51017
-8.51419
-8.54559
-8.53876
-8.56598
-8.62173
-8.61559
-8.64857
-8.68406
-8.68626
-8.72534
-8.74066
-8.76499
-8.80011
-8.84044
-8.83696
-8.87682
-8.91126
-8.96354
-8.99417
-9.03229
-9.09571
-9.12511
-9.20382
-9.23523
-9.27744
-9.35427
-9.41491
-9.49296
-9.57963
-9.66966
-9.78109
-9.87976
-10.041
-10.1916
-10.4214
-10.7069
-11.1821
-13.7259
